23 73836701.5 0 0 0 0 0 0 0 0 0 0 0 0 0 0
11 1996466.30769231 0.0113246366325589 0.00177525322440344 0.0177586948819738 0.0286323969364345 0.111735806605139 0.0104003697565059 0.00554662280942728 0.0153595482259001 0.0176193858454626 0.0154023630369595 0.597428937226451 0.0266364949939518 0.0755900757860636 0.0647894140387684
20 49283718.5 0 0 0 0 0 0 0 0 0 0 0 0 0 0
9 22052152.0625 0 0.0313481862005136 0.127115598968783 0.0580406974496598 0.0121984204180512 0.0050804484626198 0.00255095854246289 0.111111111111111 0.111111111111111 0.0460706536077463 0.222222222222222 0.169063124646041 0.0745315447596802 0.0295559224999978
1 172140662 0 0 0 0 0 0 0 0 0 0 0 0 0 0
8 127910913.208333 0.0596738225455267 0.351973275822337 0.0306161544322728 0.0311261990278301 0.0473772375853661 0.00369323729918443 0.00743529956234212 0.076214385043135 0.0421295935259743 0.136567572072111 0.0852515236232377 0.0262387615111371 0.0784549601565198 0.0232479777930251
1 28580300.0909091 0.0257214268634284 0.161856698766596 0.0351122549192885 0.0157710896717524 0.0135887627099304 0.0528855430373793 0.0126063011492235 0.0902561961940716 0.150667471082056 0.0761817545055916 0.107833746040715 0.0834736690995123 0.029834392967097 0.144210692993358
18 26879163.5 0 0.25066471064672 0.00063187921925047 0.25 0.0765470040209721 0.0275926260999747 0.00386233545648424 0.15588943269143 0 0.0440790018323714 0.00388017110634332 0.00173861186840633 0.125586762872651 0.0595274641853963
17 44181588 0.0763964896621596 0.0347746376495288 0.0904775665344546 0.0365933523350303 0.00542381871106702 0.200010514682875 0.0163120618476224 0.0722985516061796 0.0297744261922687 0.26124364103705 0.0274495227459359 0.0427108702697644 0.0437444202205108 0.0627901265055524
23 1406713.33333333 0.0895565367351263 0.040896286248982 0.0877338895688672 0.027611956484714 0.00593935827656313 0.0252427884994976 0.224841428477704 0.0528411657222042 0.00171081863458103 0.0619507565637766 0.231486860686678 0.0336323947126699 0.0204522743718871 0.0961034850167486
11 27609720.8333333 0.00960335488889807 0.106326461099725 0.0716182868359236 0.00288171737775949 0.110496092327306 0.153158236222439 0.0834327606460432 0.0114184571598378 0 0.0850390029820755 0.0260703123583458 0.0618858607600599 0.0545753624020261 0.223494094939561
6 105151878.875 0 0.0170583160749023 0.00372088422050416 0.0841064626147915 0.0221285896880043 0.00190289979911729 0.00185444252904818 0 0.0325301655635484 0.0337290144026886 0.255096972424773 0.103224711056232 0.386387613004358 0.0582599286220328
10 118083823 0.00221561194154436 0.00512009179072819 0.0677327928385872 0.00597362727110569 0.0190193531852336 0.0557532251848995 0.00165499070794659 0.0293668741837313 0.00820713016292986 0.145171563618587 0.0345732481761774 0.0241435526818816 0.35347520916557 0.247592729091078
2 74388713.3333333 0.00771849158363888 0.48171813893853 0 0.0072159988478593 0.0302808546894707 0.0226674739809403 0.0130545353656129 0.0597114094638851 0.0195170892633712 0.0720028124218777 0.0525499466876073 0.0764090367741378 0.112839290545212 0.0443149214378572
18 3604864.75 0.0384702275893277 0.101946084005264 0.032616538161416 0.0435500781021745 0.0170393299180839 0.049707754919116 0.00649559860787329 0.056175814785212 0.108116597033557 0.0989200015180162 0.0346176051234869 0.087603077391417 0.0432633129625509 0.281477979882504
3 128467955 0 0 0 0 0 0 0 0 0 0 0 0 0 0
21 37214702.6 0 0.264264408341829 0 0 0 0 0 0 0 0.235735591658171 0 0 0.468343343522709 0.0316566564772912
7 143438730.75 0.0330593828908207 0.205815212130412 0.0217218834711351 0.0400231565763882 0.0257439808241632 0.0247578410997512 0 0.176006957828459 0.153736811861982 0.11086665168401 0.0569013860502843 0.0150087676931185 0.0960634048955419 0.0402945629939338
12 8195325.875 0.0849834377162935 0.0328574197443013 0.0751243450317225 0.0898518214598474 0.0360415391223643 0.0497569040314161 0 0.041012778886164 0.208855137597214 0.049398152271588 0.0410351111971889 0.172953086826659 0.10250370422226 0.0156265618929819
23 138714066.5 0.0724887288773732 0.114765233142433 0.31202980952559 0 0 0.00308484053396597 0 0.0201236270060104 0.0588978925346774 0.012330668063248 0.113814589034587 0.0105293996159553 0.139569985046701 0.142365226619459
4 173542133.967742 0 0.00720517265778468 0.0232577131565065 0.261792479894667 0.148535001212986 0.0145529248433094 0.0265002968223552 0.0498702807603907 0.0307379497653597 0.01763754002688 0.184853753055788 0.156122306794069 0.0117890145741665 0.0671455664357376
23 73964789.4 0.0675171184697425 0.0553658392296366 0.0820542025048474 0.0784768411774595 0.0415440784641329 0.0468374125717128 0.0323740398490181 0.039359462379712 0.0499901764964729 0.184713523326298 0.126131798374213 0.0826960243962079 0.0372406415084924 0.0756988412520543
3 47205536.5 0 0 0 0 0 0 0 0 0 0 0 0 0 0
11 1586044.5 0 0.033728049704664 0.00306682965245548 0.0111354413368131 0 0.0422614691738937 0 0.0494101245239673 0.0977359364181647 0.367732304276905 0.344376511802847 0.0219060860453951 0.028647247064895 0
15 87578397 0 0 0 0 0 0 0 0 0 0 0 0 0 0
21 29240470.75 0 0.155016868896782 0 0 0.298549577332883 0.033754759197051 0 0.121222107056697 0.0319070368511096 0.014616348367374 0.150603637361626 0.164568704660214 0.0279939133366593 0.00176704693960497
6 108762083.642857 0.228765175742143 0.00907887615798568 0 0.00889607614954121 0.135155971660613 0 0.0369617413088092 0.0895738830716085 0 0.0222473464317074 0.0203540381524347 0.0882119838133875 0.317107455889316 0.0436474516224538
6 135556236.071429 0.00612606570482299 0.0117058977221144 0.129345828045607 0.0142170019143973 0.0162426926972996 0.0884842541461806 0.00750448095526047 0.0343667567854409 0.0251686053081548 0.0256265630927181 0.105781881778534 0.0152886242727148 0.292887783125717 0.227253564451038
8 46843685.625 0 0 0 0 0 0 0 0 0 0 0 0 1 0
1 22028602.25 0.185500217720262 0.0192383050140037 0.0187233414094188 0.0451462284555511 0.0288802580037683 0.0254125484876782 0.257226416821489 0 0.00278992221621745 0.281980487366975 2.50880392911463e-06 0.0756001559948897 0.0315725814279099 0.0279270282779077
13 74555777.8571429 0 0 0 0.25 0 0 0 0 0.0111093747770695 0 0 0 0.73889062522293 0
2 231511401 0 0 0 0 0 0 0 0 0 0 0 0 0 0
13 29941716 0 0 0 0 0 0 0 0.203288348164848 0.334445620726455 0 0 0 0.462266031108698 0
2 218976826.75 0 0.0017154279956598 0.000180187302932263 0 0 0 0 0 0 1.79622422481876e-05 0 0.000201785813693235 0.997715292816342 0.000169343829124419
14 62125810.25 0.000613397410946753 0.00111234654681659 0.0011611396337362 0 0 0 0.00120374685564077 0.000964765293329712 0.00102209936922744 0.00102381929378139 0.651804231705819 0.000945538295830346 0.340148915594872 0
19 21495241 0.140613866397971 0.00767716582192915 0.0621489865343088 0.0194797229061866 0 0.0523414399127496 0.0696901222250449 0.11081803583323 0.0171583207550243 0.0519466064355697 0 0.0338838096802304 0.329389518784664 0.104852404713092
18 5240712.83333333 0.0212558828380094 0.0813376380587665 0.104236187300958 0.00581316383249663 0.0264400144743504 0.12849173504112 0.0632504812055221 0.0464871535002038 0.0620060451421554 0.16204794368832 0.162033293838181 0.0526786517064359 0.0396967656990489 0.0442250436744319
10 42485447 0 0.0517778350474038 0.28116296805388 0.000769178915727418 0 0.446705495652335 0.159246827714335 0 3.72142552173124e-05 0 0 0 0.0513040954497172 0.00899638491138539
10 84285905.75 0 0.011822254427837 0 0 0.083046981699798 0 0 0.388340996672471 0 0 0.396812348361225 0 0.07904287978274 0.0409345390559285
10 87350308.5 0 0 0 0 0 0 0 0 0 0 0 0 0 0
18 42302465.1666667 0.0775220277458193 0.161943824667768 0.146120794426408 0 0 0.00261330636296904 0.159070014179411 0 0.205719100795848 0.0533936278078781 0.0617635283032891 0.0895810100442206 0.0225354466716549 0.0197373189947349
15 57305153.25 0.00504983807128317 0.655475468435908 0.0171276865996773 0.00498626604349902 0.000452303651321577 0.00913752175768981 0 0.00788993451532845 0.271480603202236 0.0040069533072847 0 0.00770712775436039 3.29452767513906e-05 0.0166533513846592
15 26123999.4 0 0 0 0 0 0 0 0 0 0 0 0 1 0
2 19873622.8333333 0 0.0228754283429925 0.0237917788449259 0 0.0290987203932422 0.0447134145809751 0.0190626508040377 0 0.415169284129848 0 0.375788203502636 0.0611067314871626 0 0.00839378791417982
3 75675650.25 0 0.0204614512275356 0.118987845839537 0.131671985800152 0 0 0.0192628438196152 0.111085869804531 0.0300064853930769 0 0.079960063252421 0.426324060897504 0.0245973020572427 0.037642091908384
9 123112485 0 0 0 0 0 0 0 0 0 0 0 0 0 0
11 3220523 0 0 0 0 0 0 0 0 0 0 0 0 1 0
14 56869894.6666667 0 0 0 0 0 0.171949919056856 0 0 0 0 0 0 0.449504689726526 0.378545391216618
9 76776002 0 0 0 0 0 0 0 0 0 0 0 0 0 0
4 79849005.25 0 0 0 0 0.0255201104694818 0 0 0 0 0 0 0.974479889530518 0 0
2 70051256.423913 0.0331165269930397 0.101113680077034 0.0475606416038787 0.0383783168395451 0.0206571302407586 0.0512420527032499 0.0534061819030532 0.0557972874370004 0.0949787273572908 0.143811705085493 0.066247882198751 0.13994705787199 0.0973102684484273 0.0564325412404888
4 108588319.875 0 0.181800881944399 0.0979550617340965 0 0.0227154683033545 0.232684994243432 0.0417901885213122 0.0217225773773903 0.00588046920287582 0.0950825979543355 0.0259947731772421 0.0151195748974079 0.208851632814256 0.0504017798298981
4 138122308.25 0.0257774376181213 0 0.0174588524519773 0.0168771912957323 0.00478010280596303 0.00846523490353644 0 0.043279183119398 0 0.0683933920429906 0.348832380224583 0 0.416011752857816 0.0501244726798821
2 40166733.1785714 0 0.0648869744502814 0.0564815133240778 0.0104250216628907 0.321290786530615 0.0726652121463731 0 0.0599809135067321 0 0.0600000664292962 0.0178606736566551 0.00498730391346152 0.331421534379617 0
20 38448734.4642857 0.0334349119459026 0.0302491862586156 0.0323985939877877 0.074899808330833 0.0199482350846965 0.0747154728384599 0.0854246120501865 0.0177147268022651 0.07843880587803 0.0751159671749471 0.202464954445711 0.127635254220214 0.0528778851839609 0.0946815857983902
15 40050782.25 0.0551834990359853 0.0516071079964493 0.125245437012801 0.0163686423936013 0.0452660423574218 0.0344241061839058 0.0194475121607665 0.11029284190048 0.00493445500181676 0.0499561767166506 0.0392670630704698 0.0618346332839067 0.238712571883067 0.147459911002677
7 116983212.166667 0.00450051406744391 0.0128678187649701 0.104081106858924 0.0248789928956573 0.0852977866329886 0.0252308463697385 0.00800964417606724 0.00725389742835627 0.0187755744346273 0.0364058225365225 0.0935244284989842 0.0811005901017587 0.428369076552611 0.0697039006813505
4 16252750 0.00536664879728416 0.0212996556765669 0 0.0299813086622783 0.00810580532887086 0.0436108080234578 0.0741969927181906 0.0558548122278413 0.0972040654955037 0.352493772739743 0.0753764783887647 0.0336609338866316 0.169340547988923 0.0335081700659443
14 95666477.0909091 0.00068274574365413 0.143361781651923 0.0397169817933713 7.28740245830394e-05 0.000418541320091246 0.0376848107878824 0.00016935911487274 0.000122223822538939 0.00474596103916798 0.0578039639193062 0.588345581031329 0.0431577540446398 0.083613645406501 0.000103776300139807
24 9763737 0 0 0 0 0 0 0 0 0 0 0 0 0 0
24 6445255 0 0 0 0 0 0 0 0 0 0 0 0 0 0
24 24588613 0 0 0 0 0 0 0 0 0 0 0 0 0 0
24 22440525.5 0 0 0 0 0 0 0 0 0 0 0 0 0 0
24 22145875 0 0 0 0 0 0 0 0 0 0 0 0 1 0
24 6455790.5 0 0 0 0 0 0 0 0 0 0 0 0 0 0
24 9708938.5 0 0 0 0 0 0 0 0 0 0 0 0 0 0
22 30974347.1428571 0.0262327601673175 0.0298555321310352 0.0601814640115155 0.0102571495758992 0.177856015602255 0.0138234288649395 0.183281610880582 0.174989919636295 0.00758399580930045 0.00250823063019762 0.158134718474743 0.0427422616175172 0.0342049803244065 0.0783479322739969
12 53966743.3 0.256856304751094 0.0624650440247914 0 0 0 0.0786271512362047 0 0 0.121139625213692 0 0 0.000233223550103189 0.480678651224114 0
11 65502706.5 0 0 0 0 0 0 0 0 0 0 0 0 0 0
14 100841746.521739 0.0384298456440598 0.00376494698184938 0.0506661639717336 0.00156144109949901 0.00772323354348597 0.00241900599284648 0.0105556695375015 0.121652481368879 0.00272152080943516 0.0648203641111375 0.577048807793307 0.0177902856785872 0.0424295579141141 0.0584166755535641
23 73829584.625 0.0760303326905159 0.00256455275559127 0.146708136626968 0.00542960408340631 0.00611271688931601 0.114999879399144 0 0 0.00887335232746063 0.275077826708663 0.158657140397284 0.0234398478419553 0.0150200476636023 0.167086562616093
14 95171288.125 0.011403937412784 0.019415923957704 0.272001759663942 0.0658419447268942 0.126941665365248 0.00916592424336289 0.00760902121690387 0.105667238076282 0.107912960924991 0.0150349185662624 0.0364887328202677 0.173676811269533 0.0453539618917283 0.00348519986409592
10 77928597.5 0 0 0 0 0 0 0 0 0 0 0 0 0 0
4 88723181.5 0.0581467643625582 0.157583164812605 0.0651740089669253 0.0282068081273026 0.0332426836745 0.121934825558023 0.00947341043046366 0.0500441676425666 0.191428622764734 0.0600411962057757 0.115232453647448 0.0555596824146451 0.0259597473355089 0.0279724640569444
8 12375721.3333333 0.0364640989998549 0.161634279913452 0.16607873618799 0.107748401134956 0.0225766428353649 0.0855798341491874 0 0.00544181493600669 0.0530949788339047 0.0325992671219473 0 0.116278742882247 0.0688560295970179 0.143647173408071
8 12126278.75 0.178608942847444 0.173401667529349 0.112953607107534 0.000321778938667594 0.0546437577428694 0.107403147019207 0 0 0 0.104444947676506 0.0719589126146701 0.0235116292067936 0.065262142737374 0.107489466579585
8 7977384.25 0.0130001001333738 0.112478171292514 0.130012734407072 0.0653837321860886 0.0655271924624093 0.0292384378906273 0.0076530730469286 0.035165074867946 0.033860090954937 0.129481604764459 0.0217964183694258 0.0670137562345088 0.1777312764871 0.11165833690261
6 2530832.2 0.0719625197170375 0.0791645470363915 0.0246967906073301 0.0414090646000011 0.0112789909655001 0.0660746023078284 0.00535473949605603 0.070319698990257 0.0768057409484088 0.200116836289157 0.268613630097296 0.0291891006579348 0.0188414539394966 0.0361722843473058
19 35082681 0 0 0 0 0 0 0 0 0 0 0 0 0 0
6 8653217 0 0 0 0 0 0 0 0 0 0 0 0 0 0
21 34183587.25 0.0429731536909799 0.0435997653179062 0.259974979673442 0.00106223716262043 0.00945293896464854 0.00520027769374243 0.0807026440121213 0.0218242627700349 0.0241432390551586 0.104195174082131 0.140862833848658 0.0786858407339936 0.0323080954843201 0.155014557510243
14 95409354 0 0 0 0 0 0 0 0 0 0 0 0 0 0
13 105722917.714286 0 0 0 0 0 0 0 0 0 0 0 0 1 0
1 211395429.833333 0.0182719688428005 0.274036379682655 0.0173183974269264 0.00067229079740801 0.0157111563845969 0.024979107324207 0.0168166555425591 0.0089834260479688 0.00859313821318361 0.00774811248040457 0.0105174099167269 0.0104358073939981 0.479359405378508 0.106556744568057
2 32890380.5 0 0 0 0 0 0 0 0 0 0 1 0 0 0
1 168789912 0 0 0 0 0 0 0 0 0 0 0 0 0 0
5 180832841.5 0.0774866584027648 0.0304056347383857 0.0457867772170728 0.0331133087168038 0.0399939325173338 0.0160174235276269 0.0296787342382254 0.0161205860374772 0.241820223759891 0.0816978828414338 0.055793657536706 0.0856250292802391 0.0711214132858339 0.175338737900206
1 45305478.5 0 0 0 0 0 0 0 0 0 0 0 0 0 0
13 91351834.6666667 0.0142166220946803 0.0376279158066557 0.0656851812870455 0 0.0173422497378274 0.117819121233487 0.0117864414466007 0 0 0.210565535101232 0.438274958198597 0.00188873972672459 0.0552476334359511 0.0295456019311993
17 1714275.45 0.147154350562153 0.0602529749626513 0.0415397413697321 0.102180357655254 0.0305423549503026 0.113525445032761 0.0174265900824002 0.0258483424748029 0.00893344941735812 0.0275875569258999 0.221913547466826 0.0602558549197235 0.0152962482778148 0.12754318590232
5 60504824.6666667 0 0.0110139037189734 0.0200437462937089 0.0948138228310335 0 0.0716414666289713 0 0.027462122447447 0 0.0704972988396542 0.0973151501379462 0.584507642640033 0.0226585034426574 4.63430195750477e-05
24 7807803 0 0 0 0 0 0 0 0 0 0 0 0 0 0
2 178573303.75 0.0799588875090744 0.0199776988516018 0.0643099306614527 0.0234761949012272 0.395774722495655 0.0438933494988675 0.00403087192856372 0.0471573613268332 0.0163922897317968 0.0482079203831581 0.0568788306591073 0.0445155937421876 0.0425279122505843 0.11289843605989
19 42453904.3571429 0.0985504217497713 0.0676892133385845 0.272425467838606 0.0418102611847793 0.00779505288638523 0.0236715049013587 0.00142255023210278 0.0119751215930315 0.0219069845781316 0.0117107343249296 0.0246092241522004 0.0364501096176143 0.200290129546113 0.179693224056391
11 65434225 0.0738029071911139 0.142786688044277 0.109645650508204 0.0111507972503339 0.11769568250239 0.0559894556278862 0.0187546651070935 0.043669720138242 0.00980223437906851 0.0632938179031204 0.245803643921363 0.0109572273576424 0.0156142220019063 0.0810332880673588
3 64008131 0 0 0 0 0 0 0 0 0 0 0 0 0 0
3 62301365.0555556 0.0897220293260986 0.00437309196944861 0.0113193260639445 0.127566021978658 0.0145106419934968 0.0155471470193331 0.00202801459735478 0.015957381428661 0.0495586738341438 0.0363687468173149 0.00160861312298944 0.0689256284652359 0.405727949149621 0.156786734233699
14 95533246.125 0.0329876212684172 0.112517972379755 0.0121847825295958 0.215242609922129 0.0201521281665817 0.0461664762889517 0.0135452068759452 0.023212137733262 0.0269670291394545 0.0762084738335838 0.0465541062895123 0.0701862246079848 0.173147524126441 0.130927706838385
7 116953389.5 0 0 0 0 0 0 0 0 0 0 0 0 0 0
10 8051425.33333333 0 0 0.0527389297739565 0 0 0.339073133697526 0 0 0 0 0 0.608187936528517 0 0
9 129500495.666667 0.0828896952681067 0.0974015424946496 0.0870846940103206 0.070132555137769 0.0074922310909749 0.106338886708085 0.016050449543701 0.0515670385342998 0.00873234081636515 0.0994769557540832 0.0232646956142453 0.0264592991830352 0.0646531898247886 0.258456426019576
10 31314909.3333333 0.0617167110019449 0.0608460252156599 0.0508675618877122 0.0759146675192729 0.0359779961227794 0.0309429350338656 0.0133143493892585 0.0522290009092229 0.0900909318507757 0.0746426304482079 0.0154312134108931 0.0812830214349741 0.279167522957608 0.0775754328178246
11 32439355.1666667 0 0.000345616833718703 0.00851691932697094 0.0519094837954217 0.0230299831671896 0.0617504659469384 0.000940239537141051 0.00135778443936924 0.17319015125283 0.40832138311868 0.0219285782765058 0.0070077323299423 0.239355733684563 0.00234592829072929
7 94063856 0 0 0 0 0 0 0 0 0 0 0 0 0 0
2 237072627 0 0 0 0 0 0 0 0 0 0 0 0 0 0
2 73458123.5 0 0 0 0 0 0 0 0 0 0 0 0 0 0
7 96989219.2142857 0.0363098941066698 0.0719267102193748 0.0367541697332786 0.0350815551181854 0.198007885861102 0 0 0 0 0.0532943713883773 0.432876123972525 0.0442789189704002 0.0582489268818294 0.0332214437482575
3 14943184.1 0.0601097735790485 0.0624962798026733 0.125230793456679 0.0649829979323215 0.0369883553215567 0.0712428820056401 0.0164862900033294 0.069473578562143 0.0631717729994381 0.0734855056927068 0.122234552095351 0.0551991310498066 0.117792838866841 0.061105248632465
1 173865934.291667 0.0425150258178833 0.0873723693204106 0.0656571062604727 0.0283458644074589 0.0155524531142432 0.0346969894198856 0.030191606421089 0.134478283164748 0.0488406152736133 0.19314780539303 0.105948155198651 0.0603787535335203 0.0350134685136194 0.117861504161374
22 23683052.7857143 0.0202404261337025 0.0529117971971374 0.0380779664102708 0.0118128766494576 0.00185326504668927 0.0681665120381668 0.0347679225063651 0.0665949057802067 0.11221052484181 0.041076161543915 0.105795598312301 0.0962296257378471 0.0889358044778913 0.261326613324239
6 8433743.99152542 0.0602688557461626 0.105787874814309 0.0481080703512216 0.0851057367310755 0.0564775792963699 0.0483012081175605 0.0197894819017696 0.08273997146491 0.0674644043618761 0.105179927239506 0.107065908818488 0.070004802975857 0.0491562541777926 0.0945499240031011
7 27098475 0.023557300294851 0.0663495320487105 0.24564142754276 0.0172113589108698 0.00547332572585834 0.0404169543831674 0.00268789904535711 0.292813792078883 0.087343787282025 0.0190294754911633 0.00645410072356226 0.134111061676735 0.018700301588618 0.0402096832074395
11 2675815.75 0.0197610724963432 0.0257993797499979 0.187512136492611 0.0685476262589057 0.0245875290187911 0.0646446518851509 0.00605940568637391 0.0129617858226978 0.018408509239475 0.156044734041669 0.146194570793857 0.0200494233742593 0.21673336132906 0.0326958138108077
14 21203087.5 0.0516572918841118 0.150819270715647 0.153339266334937 0.0886453087029194 0.0324119608119575 0.0487178800534332 0.00439025990973911 0.0386872228365297 0.0634726722626829 0.102766949985346 0.0223814179250465 0.128706714023965 0.0551507536023305 0.0588530309513555
19 27766960.75 0.0302925179975533 0.187743522784711 0.0354530425867997 0.0310477757377479 0.200006127526423 0.1057160169764 0.00329528521489318 0.00397479007801853 0.0284653195949008 0.0244296669884431 0.00502009722189426 0.155234608360116 0.180389131571154 0.00893209736094475
10 6811239.5 0 0 0 0 0 0 0 0 0 0 0 0 0 0
14 100911284 0 0 0.00883706944272053 0.0462881045113572 0.0368372660036007 0 0.0353336658154032 0.00895627825656976 0.0587042452428622 0.161619343175675 0.524126033359537 0 0.116666563610541 0.00263143058173336
1 198869281.333333 0 0 0.104611000322229 0 0 0 0 0 0 0 0.895388999677771 0 0 0
23 134545205.25 0 0.00955746298065516 0.00110993990893281 0.00312612686622593 0.0297197823605097 0.0768183461622303 0.0910717293515587 0.00175692125057422 0.00149128117086768 0.106290207109534 0.539941085966212 0.0134619347603115 0.0820214944192589 0.0436336876931292
10 87299188.5 0.0582787557116349 0.0937502805166415 0.117536587919331 0.0579542921279138 0.126910694398335 0.0278809737803962 0.186572162911874 0.0302819631202733 0.0534128198305277 0.0135248951015462 0.0291059021089222 0.0697045982767466 0.0642879847245141 0.070798089471343
1 124490576.125 0.0146229685778004 0.103883165267304 0.0861481356263541 0.0316536838761885 0.0829059459457655 0.0643699299943372 0.126188188578107 0.00104205931484109 0.0325137509952786 0.160094654065691 0.0124180844896355 0.0618501348348862 0.161281949720539 0.0610273487132709
2 144961933.414286 0.0967825455392359 0.150019845461796 0.138841546054882 0.00937737782124361 0.00157557535860279 0.0630595394488521 0 0.000486979721206855 0.00420908195043342 0.00731575170224226 0.0629593478510408 0.0157686033357759 0.386794788728444 0.0628090170262446
22 27954869.325 0.0824946800163636 0.0428661875825935 0.0661114939433609 0.0822319172469803 0.0636043803741304 0.0889188173064158 0.0826458017617501 0.101311104196568 0.0799436572163954 0.13477443466155 0.0409931940897053 0.040663633794165 0.080690584254573 0.0127501135554492
2 113578116.5 0 0.0516434162178943 0 0.128456199726644 0 0.258180300838995 0 0.129283758829379 0.0303911337747685 0.0100694228098488 0 0.201799484859359 0.190176282943111 0
9 35273 0 0 0.104969197191472 0.116596511145527 0.0225924205529519 0.057893305311604 0 0.0839922779284083 0 0.0915138493915848 0 0.139178823023301 0.38326361545515 0
15 101955477.25 0 0 0.089318604588544 0 0.0501578941075243 0 0 0.107785870235878 0.424979901338585 0 0 0.252267852113177 0.0754898776162914 0
7 122306867 0 0 0 0 0 0 0 0 0 0 0 0 0 0
21 29759030.5 0.137167206013176 0.0225494952800184 0.0546738311147347 0 0.0205641972454509 0.0938234374546389 0 0.0750269449578084 0.25 0.0200803729723402 0.0959856293990438 0.117296091575965 0 0.112832793986824
20 63102838 0 0 0 0 0 0 0 0 0 0 0 0 0 0
6 13573035.0625 0.0360281958743363 0.0910590121015767 0.155575978314966 0.0218258178584667 0.169827286979724 0.0826114222461008 0.0186322169986151 0.135307799249885 0.0946413370301759 0.0125485749865826 0.1257627075833 0.0333995416613877 0.0162431605787477 0.00653694853613579
7 27121175.7777778 0.121868254060886 0.0586326061717312 0.0711605817037113 0.0372445119233896 0.000284284970497807 0.161435926598061 0.000876196181234446 0.0609635680579014 0.0537090536584348 0.11146224980927 0.0622527346485315 0.0430495832512178 0.190598233289219 0.0264622156759148
2 74503738.25 0.5 0 0 0 0 0.5 0 0 0 0 0 0 0 0
21 41688258 0 0 0 0 0 0 0 0 0 0 0 0 0 0
21 34730494 0 0 0 0 0 0 0 0 0 0 0 0 0 0
9 91162764.5 0.207817200248379 0 0.0152194923633095 0 0.000340321159138458 0 0 0.0491577295679769 0 0.104337342400135 0 0.110671448364466 0.103359941125947 0.409096524770649
3 109181712.5 0 0 0 0 0 0 0 0 0 0 0 0 0 0
20 48364624.5 0.0251793173488032 0.347216691648282 0.120167132980303 0 0.0321852172824508 0.157567084732367 0 0 0 0.122957367490213 0 0 0.194727188517582 0
8 57282136.5 0 0 0 0 0 0 0 0 0 0 0 0 0 0
3 107910122 0 0 0 0 0 0 0 0 0 0 0 0 0 0
14 90457090.1666667 0 0 0 0 0 0 0 0 0 0 1 0 0 0
3 10285082 0 0 0 0 0 0 0 0 0 0 0 0 0 0
3 72162599 0 0 0 0 0 0.428134859073571 0.226782068634768 0 0 0.0117497389583281 0 0.0793811572809029 0.25395217605243 0
23 149980506 0.00798645760828517 0.0783407310629799 0.0909587529886456 0.00510308752309786 0.00514918062231845 0.0606883635813484 0.0174960206593887 0.274445257200061 2.43939937979881e-05 0.297468814350882 0 0.00804081495500275 0.10050251212345 0.0537956133307416
15 97856409 0 0 0 0 0 0 0 0 0 0 0 0 0 0
23 103689919.5 0 0 0 0 0 0 0 0 0 0 0 0 0 0
4 2941502.66666667 0.0886190092694275 0.118352215710048 0.041405765115551 0.0398387242014811 0.0103296952178524 0.0792431641497437 0.00437350627560267 0.0351185321344556 0.0677733255208618 0.111213893741143 0.0470846705763222 0.0803342246551313 0.149336159703874 0.126977113728506
7 44016857.5 0 0 0 0 0 0 0 0 0 0 0 0 0 0
12 97509141 0 0 0.0315684023238678 0 0 0.0242989693406122 0 0 0 0.0203148389331864 0 0.00662081857514831 0.0104562323291363 0.906740738498049
20 3121284 0.0211359556881653 0.103782477462571 0.0412648035057108 0.0443398668858192 0.0407161017837592 0.0358911001656406 0.00880215469578004 0.104590169314456 0 0.112092313891297 0.154145619730289 0.0713736140016938 0.162456367775101 0.0994094550997171
23 26559694 0 0 0 0 0 0 0 0 0 0 0 0 0 0
5 77115173.6875 0.191867061611947 0.0104791636439689 0.119381497857646 0 0.0180701809580142 0.0490800456270388 0.035414509680763 0.0125555614578157 0.0405250148792272 0.0380954787649151 0.167828101696299 0.0321054736441687 0.0779561081892369 0.206641801988959
3 197300757 0 0.0468613407753047 0 0 0.059130584139405 0.0458939971432707 0.0468067925727877 0.0415606302827495 0 0.0417567598970839 0.137824016322951 0.0406602523302283 0.537376384016507 0.00212924251971186
4 105103447 0 0 0 0 0 0 0 0 0 0 0 0 0 0
8 11064867.5 0 0 0 0 0 0 0 0 0 0 0 0 0 0
17 42038482.5 0 0 0 0 0 0 0 0 0 0 0 0 0 0
17 76560185.5714286 0.038987468605624 0.191925659835537 0.016814500321752 0.0721087746763518 0.00309795352180977 0.178611826463948 0.00376008591545446 0.0906496684076175 0.155110890418372 0.0625672684613429 0.113552450327035 0.0311797651093703 0.0235316299194778 0.0181020580163079
1 28508275.1666667 0.0262723663018289 0.0995019478742084 0.0225924442447823 0.0407553409506048 0.00952283781392797 0.0304803659995426 0.0499446514822967 0.241105130583852 0.0714300332867691 0.0706406615434741 0.144685318246811 0.0421381848494896 0.0310611251362241 0.119869591686189
17 82373144.4090909 0.0391677043557279 0.0623118004565279 0.0219306025227397 0.0480174261675432 0.0173278334223207 0.0208224632396674 0.0116239191649301 0.118531517602151 0.151282560258803 0.0954570428390554 0.0258604960727854 0.0796508136041599 0.0446125422234016 0.263403278070187
9 136725860.375 0.0259669314881847 0.181748061945009 0.0446936092282598 0.0487724288960891 0.00887382014440712 0.0468279275235178 0.00798318787125566 0.0999788639386756 0.15748179957661 0.0943138911648844 0.0491412922849272 0.04863475105446 0.0736231351230404 0.111960299760679
3 116713957.8 0 0 0 0 0 0 0 0 0 0 0 0 1 0
1 155562928.666667 0.0564315452044397 0.0854648982170369 0.0664645199921621 0.0255704478996229 0.0463636358499892 0.0344233637481635 0.00946572693712604 0.10095455764386 0.092345907651486 0.0580270175919267 0.104652104773409 0.0217325580021794 0.0677147140281228 0.230389002460476
12 49833844.5 0.0358221872594128 0.0105993431013611 0.0984507597252087 0.0183277423499106 0.143394561667766 0.028239794046156 0.00930741240377238 0.00705713415522175 0.00716664791046681 0.37179188945992 5.56872489251917e-05 0.00035137114465362 0.14245222941836 0.126983240108865
2 38107544.1666667 0.171469545651275 0.0369665983814115 0 0 0.00941540472422313 1.10834198939848e-05 0.000370946535804089 0.0124712644582641 0.0621937577847982 0.00570735462311205 0.0406710727239012 0.29230456728508 0.0158179542859603 0.352600450126277
9 40325177.3125 0.0190100994692757 0.0202497852119809 0.151309445390937 0.00424054404342037 0.150008622693878 0.032551777762341 0.00259759233620264 0.0359555130029275 0.163780139846815 0.0100759845988547 0.14773021621641 0.00336276742458345 0.243038960997976 0.0160885510043978
1 152304302.375 0.00667265491897753 0.107065102917078 0.101746763610569 0.0506542759703443 0.0730466820550455 0.217863366916362 0.0235158486198578 0 0.0973823032307112 0.184686439288301 0 0.0824411274144022 0.0116126181737877 0.0433128168845632
6 31055922.125 0.0723446521760516 0.565180288644453 0.0409734316116398 0.0185818370556679 0 0 0 0.164935101541422 0.111757110035561 0 0 0.0262275789352055 0 0
14 93069801.5 0 0 0 0 0 0 0 0 0 0 0 0 0 0
4 108175780.75 0.00131482824178254 0.110720336750879 0.0124568048496328 0.00121619236337384 0.00158744592859091 0.0123480930194383 0.000885420441485446 0.0282833247823676 0.0174995192670153 0.00493396997145727 0.0161485382938161 0.00904454510600711 0.76698777127744 0.0165732097067134
18 6927568.5625 0.189521057742993 0 0.00368842436472202 0.109262028662213 0.000405940641136817 0.00285732147583133 0 0.0151996723350233 0.0020994072088691 0 0.00753386710611843 0.000316041741271924 0.669116238721822 0
18 76551089 0 0 0 0 0 0 0 0 0 0 0 0 0 0
19 4770819.65 0 0.0113345386757831 0 0.0934242195797324 0 0.000886915980948519 0 0 0.000994894156017885 0 0 0 0.893359431607518 0
17 43135985.6666667 0.0966268159176904 0.104646694382542 0.0792875306425327 0.0494173393605348 0.011969811011256 0.0424765683945648 0.0331267511892936 0.0135453232021087 0.024291600477632 0.0867151085111976 0.0939463093519252 0.126347497514871 0.095700428049938 0.141902221993913
11 113270060 0.00237122980712161 0.00733233725753891 0.00214965960885019 0.0846187673330383 0.304457811852335 0.49308385375157 0.00057163496568494 0.00857959289932616 0.0118470974637402 0.010734761346377 0 0.0552497740296571 0.00840249090125655 0.0106009887835043
3 132798282 0 0 0 0 0 0 0 0 0 0 0 0 0 0
24 6243027.5 0 0 0 0 0 0 0 0 0 0 0 0 0 0
16 70764164.5 0.0215403886482061 0.0996713849683186 0.00150812884417718 0.0565964119431346 0.0125186062802774 0.0585553061695085 0.288085527581237 0 0.055405691925989 0.0490023725326067 0.245298345176831 0.0729780310015221 0.00534168485921395 0.0334981200689771
16 23981.5 0.0111698707991625 0.110469489310798 0.0456004017947797 0.0369657771629781 0 0.00939581424880664 0 0.0813307101227408 0 0.176399593945781 0.00722373159679072 0.0635781532607445 0.0391971678801594 0.418669289877259
7 151411069.666667 0.0566922991235346 0 0 0 0 0 0.0237861773464234 0.0523614119657077 0 0.263184910287974 0.182604648324726 0.0852065153457721 0 0.336164037605862
3 149658621.5 0.00706788689786538 0 0.0191202929629854 0 0 0.238506199495004 0 0 0.175207173247888 0.0910662504862996 0 0.0579795993918433 0.071547830625291 0.339504766892823
10 43651759.5 0 0 0 0 0 0 0 0 0 0 0 0 0 0
10 75324997.6428571 0.0314052380650429 0.0653071662567474 0.183938816100315 0.022156341891125 0.00594688503228004 0.0441561591687097 0.00372129420895062 0.0556534555382565 0 0.0117778914699504 0.289019598815578 0.0362709986213696 0.0105355755343126 0.240110579297362
10 75404612 0 0 0.111338678960358 0 0.000225043210593449 0 0.172832580244184 0.0923146124233899 0.0779032730947518 0.215828740795458 0.231031744440763 0.0985253268305022 0 0
23 46546982 0 0 0 0 0 0 0 0 0 0 0 0 0 0
8 127213324.5 0 0 0 0 0 0 0 0 0 0 0 0 0 0
3 690279.75 0.00384992725646765 0.0282624046502464 0.00375708746832184 0.059192621956252 0.00184391576580314 0.040304779025656 0.0155924476095352 0.0459612123846701 0.169390263310456 0.0543028992102521 0.0553217022268777 0.052664193568809 0.385767742854813 0.08378880271184
5 181335726.5 0 0 0 0 0 0 0 0 0 0 0 0 0 0
15 67465555.9 0 0.00161060878037526 0.0564303424312947 0.01014914253985 0.0112458748720304 0.109950665724319 0 0.189317660271763 0.0419348292758863 0.138181299915169 0.0641424742114317 0 0.186990976728218 0.190046125249663
7 39774825.75 0.0258693741854524 0.0155481616418989 0.039529818884319 0.0421759586207885 0.0567551980847688 0.121170540226161 0.0229561058032747 0.140842912811435 0 0.0793239739281159 0.21734055913763 0.0209681420367022 0.121755875132985 0.0957633795064688
19 36322056.8 0.0129603906597925 0.0510760989236052 0.0322932205876944 0.033053691423728 0.326706128799398 0.096814928668029 0.000935429383547824 0.010954016515159 0.0703024289781445 0.0543125287345479 0.0565948030630067 0.0391480873949325 0.0461358932663922 0.168712353602022
3 8338183.5 0.11089331639703 0.024552187894193 0.0214396043529653 0.0693617585786671 0.0154195311399062 0.162622267880112 0.00752225537799893 0.0454255053319993 0.0788059804837605 0.0718008384359247 0.234488999334079 0.0314664174863534 0.0751637783847431 0.0510375589222671
5 139276689.5 0 0 0 0 0 0 0 0 0 0 0 0 0 0
12 98515232.25 0.0196380247455793 0.0151437494698618 0.0115907547160568 0.0416003003260032 0.0106196471649769 0.0524955713345823 0.0143355618590971 0.0219602342781057 0.0367897912982116 0.0322062270575631 0.124351334161574 0.0448863167519066 0.552165120512245 0.022217366324237
15 74470875.7 0.0957094152680526 0.0425937091763177 0.231498481574542 0.00557486357620863 0.0254305242207634 0.0207431517674313 0.0821447117615506 0 0.0387043052921023 0.055288709216016 0.067808092275694 0.0228401708418224 0.291916920162908 0.0197469448665907
6 5389970.78571429 0 0 0 0 0 0 0.250613924246478 0 0 0.117678970875226 0 0 0 0.631707104878296
15 72377450 0 0 0 0 0 0 0 0 0 0 0 0 0 0
7 27187607.2 0.0654390521418861 0.0276891697932319 0.0224211192668182 0.404582421321575 0 0.042224469666893 0 0 0.00702167824259659 0 0.16210696376214 0.137418335975224 0.124042699556909 0.0070540902727266
7 28222088.3333333 0 0 0 0.226538242811624 0 0.0223783213065323 0 0 0.38183838564584 0 0 0.260867079602355 0.108377970633649 0
6 33589721.5 0 0 0 0 0 0 0 0 0 0 0 0 0 0
6 71403068.6666667 0.199536222857432 0.0204036387499191 0 0.00208266906460122 0.011524838480001 0.0191717456850624 0.202548834552307 0.0185976654188569 0.0666761678711119 0 0.198902668213865 0.00633757821426288 0.0532302775894964 0.200987693303084
3 196151762.5 0 0 0 0 0 0 0 0 0 0 0 0 0 0
15 95470469.5 0.0154475774397306 0.159873558641133 0.000978228226009396 0.00613135707110404 0.0726737038790399 0.086317584468884 0.0608721374017553 0 0.397712268199441 0.124718829156011 0 0 0 0.0752747555168908
21 46238303.8333333 0.0304476973979091 0.0827769551329501 0.0337931750502543 0.037409167228086 0.0516904000857781 0.0490458519670693 0.0128029390726808 0.030499604067763 0.0427983102277379 0.162306735706409 0.0203353702307191 0.0410308871799192 0.221797468364546 0.183265438288179
11 10579239.3333333 0 0 0 0 0 0.0212165559793842 0 0 0 0 0 0 0.978783444020616 0
15 41289835.5 0.0242842999652373 0.0535261012037761 0.0924678593191002 0.0896965358669994 0.0322648681304658 0.238239613397705 0.019421801133933 0.0448933004514969 0.0572645841797552 0.0412402129300599 0.119283459960869 0.0346395289368034 0.0754198743066352 0.0773579602171642
11 70863952 0 0 0 0 0 0 0 0 0 0 0 0 0 0
17 17778107 0 0 0 0 0 0 0 0 0 0 0 0 0 0
21 42021877.875 0.0196271955495575 0.0211227991954388 0.0320699339440307 0 0 0.0222150773844788 0.0235266311012233 0.099918067006855 0.00311599027914072 0.13618342178299 0.0169931842083787 0 0.592919023245828 0.0323086763020789
18 57063338.5 0 0 0 0 0 0 0 0 0 0 0 0 0 0
22 30925742.1666667 0.0729893783772211 0.112302822775258 0.0805692614804529 0.0397369949302822 0.017179757960505 0.0497815678878824 0.0543700979051582 0.0140177128279468 0.0351623385081877 0.0390949559461897 0.0350843245742422 0.0586605087319569 0.347163867066868 0.0438864110278489
5 61689632.875 0 0 0.18644760586083 0.198055484756396 0.229727673757475 0 0.0722168414861288 0 0 0 0 0 0 0.31355239413917
22 21316175.2 0.000474070587776932 9.31328905615434e-05 0 0 0.0110005211952722 0.0058776665404651 0 0 0.0415972430009005 0 0.0448578279306531 2.75940475840803e-05 0.896071943806787 0
13 19010404.5 0 0 0 0 0 0.0233859518442253 0 0 0 0 0 0 0.976614048155775 0
16 2991580.66666667 0.127260960319592 0.0727692042898573 0 0.099270945127915 0 0.265668276802356 0.0897255324127168 0.162544216448231 0.0353548437122762 0 0.120469290819461 0 0 0.0269367300675952
19 16035500.25 0 0.00620877232537092 0 0 0 0 0 0 0 0 0 0 0.993791227674629 0
13 45368876.2777778 0.0572125992024427 0.046124592806762 0.0366997891459686 0.0526254940243525 0.0284063535779748 0.0505873198981987 0.0868760428421984 0.0574789114680423 0.113136486975523 0.186562850023807 0.0190212808332939 0.0465477456402373 0.151703324222193 0.0670172093390065
11 10874761.1666667 0.0483473636201846 0.082885868630066 0.0603599797810245 0.0188185014414973 0.0494659290715861 0.071688679351874 0.0149011112669919 0.0147947946788943 0.0554391070153231 0.0412828948180471 0.0645215654738041 0.000572956939573338 0.155996137170065 0.320925110741069
8 121642217.666667 0 0.0807267914102878 0.0845488820639381 0 0 0 0 0 0 0 0.342445188549838 0 0.492279137975937 0
10 89835192.25 9.00980573387923e-06 8.60996759536874e-06 8.74292601636649e-06 0.0321301768145021 9.60690279402957e-06 0.00766039281621637 8.11935803945435e-06 7.43669561766277e-06 8.01819083044919e-06 0.0167494644210648 0 0.818796659807822 0.101235752686052 0.023368009607715
17 75338986.5 0 0 0 0 0 0 0 0 0 0 0 0 0 0
3 40418262.3333333 0.0315729833710045 0.0295210934551509 0.068104363958723 0.0077755483498303 0.3487965026748 0.0973770991059486 0.0507789828397093 0 0 0.0358814738850446 0.0405787498699885 0.123775389019795 0.0574447239276549 0.108393089542351
6 27022210.25 0.0196393476483213 0.0269644629486991 0.0352054048074878 0.0113386065590445 0 0.0580129128263041 0.0817456421606471 0.0227497286507702 0.0369349348786182 0.135561590064019 0.055617933485875 0.185829790866974 0.110563799993011 0.219835845110229
12 111841043.5 0.0383154920636824 0.0603813635631513 0.0744063344130631 0.0893448841034744 0.0495100917913942 0.0527355882702078 0.0222715026074296 0.099306242818047 0.176853063363023 0.0497215765803318 0.0590804303028799 0.125511716630232 0.0393303679692379 0.0632313455238455
16 16300487.5 0 0 0 0 0 0 0 0 0 0 0 0 0 0
2 192763362.5 0 0 0 0 0 0 0 0 0 0 0 0 0 0
15 25150468.1428571 0.0203285836468512 0.0253860122718322 0.0393924734414879 0.0482268149373841 0.051355991471445 0.0479314008434745 0.00176312805526526 0.0579736313348707 0.0200991269834889 0.0677873280063494 0.0559530276635521 0.0542573727953899 0.0447813750657841 0.464763733482825
10 79004847.6666667 0.0032737833665387 0.0947587613197225 0 0 0 0 0.00278135294558262 0 0.0527636253339811 0.0113565496423086 0.0363069260761925 0.404322367169078 0.0556291937746967 0.3388074403719
18 3890959.25 0 0 0 0 0 0.114035248736935 0.0363379440446774 0 0 0 0 0.245073695191488 0.6045531120269 0
14 89576846 0 0 0 0 0 0 0 0 0 0 0 0 0 0
15 25119510 0 0 0 0 0 0 0 0 0 0 0 0 0 0
9 96022429.5 0.0497934310600282 0.448939571783338 0.0177694162075481 0.101793543482996 0.0175956216288001 0.0299330127147196 0.0088069053443749 0.0137268031801493 0.0238947305726604 0.0909700918587514 0.00721881690096146 0.0330899210721636 0.0616177826681436 0.094850351525366
12 116535134.25 0 0.138458189587931 0.0393797750325911 0.0343325627065252 0 0.157912282019284 0 0.0324252940846084 0 0.137966147499976 5.6825474987116e-05 0.413852981574968 0 0.0456159420191302
13 44006918.9166667 0.00962996404847531 0 0.140719256200427 0 0.00831766705850701 0.0984665984177488 0 0.101226950604593 0 0.220061456069937 0.409814069714358 0.00481806673024039 0 0.00694597115571345
14 100665494.8 0 0 0 0 0 0 0 0 0 0 0.8 0 0.2 0
7 47764591.5 0 0.115467441754054 0.116288920739078 0 0 0 0.116091728923609 0 0.417647225906121 0.0816289733643179 0 0 0.15287570931282 0
19 16020828.3333333 0 0 0 0 0 0 0 0 0 0 0 0 1 0
1 30723030.8333333 0.0122571352414098 0.115506689577621 0.0108620358070943 0.00422294249874616 0.00132094688818829 0.0211149053957209 0.0463982816856358 0.0350314610033588 0.0291726378528463 0.0413280997260402 0.0618899294658715 0.535260199198742 0.0219553522335836 0.0636793834251412
1 178092901.833333 0.063464490386317 0.0291761617493384 0.123830721777106 0.00826717015794699 0.0925385061003677 0.144420973334065 0.0289311694265336 0.00499803777000637 0.12190553054455 0.0302612062879661 0.159320911522274 0.0780300355268693 0.076180218020606 0.0386748673960532
11 1310340 0 0 0 0 0 0 0 0 0 0 0 0 0 0
24 18585410.75 0 0 0 0 0 0 0 0 0 0 0 0 1 0
8 134599379.5 0 0 0 0 0 0 0 0 0 0 0 0 0 0
19 56395881.25 0.0547983331447229 0.0130945503376359 0.055211786295299 0.167554399755911 0.110414207437089 0.185806243654152 0.0104768847235917 0 0.0822999320767034 0.0443923310833944 0.00290983511055411 0.0977056566908072 0.141415086547472 0.0339207531426678
5 141320432.5 0 0 0 0 0 0 0 0 0 0 0 0 0 0
13 50065151.3571429 0.162088820052605 0.0531802565531897 0.056178843865544 0.0729941426338094 0.0797945568444264 0.0167332102627029 0.0399255236642984 0.0470782122446203 0.0452937671391857 0.0455265997574769 0.039837476558537 0.0688856610144037 0.164470099959564 0.108012829449637
6 11815820.3125 0.0783895382763244 0.0396868077214553 0.00535202265296403 0.0364650156218948 0.0696029205680614 0.0520705964742871 0.0170209110526982 0.165544797752678 0.233624563976077 0.0358618883713939 0.0442663379308256 0.138533311824895 0.0295702381087126 0.0540110496677323
17 7017737.75 0.115796008341235 0.1776130247143 0.139201313412278 0.0747806396104241 0.0113864547736664 0.0526287798607744 0.00796493488848092 0.0328398528222953 0.0132065361171283 0.159472558312027 0.039901753542674 0.0563577427571009 0.0972499481041711 0.0216004527434442
8 126973733.5 0.00261024373350267 0.167969128556242 0.0585860656243824 0.0548101227752645 0.0101210006222124 0.0457328171502572 0 0.204058555498756 0.0174378427716303 0.0147628693152888 0 0.0708799866826612 0.215160100454343 0.13787126681546
8 30383633 0.0745603136471393 0.0207208482975128 0.0580493590678837 0.0851512277171767 0.0269951749976089 0.0951263874750162 0.0172190873196071 0.167087536136508 0.0987283511026363 0.0347984735714937 0.0167492246768435 0.173437564158723 0.0161990055049928 0.115177446326858
17 18325059 0 0 0 0 0 0 0 0 0 0 0 0 0 0
4 112885 0.169194792696692 0.138122349931175 0.0545504100201915 0.103109621809612 0.130267528943747 0.0164176585740494 0.0281135488009612 0 0 0.103289640554731 0.146469705512867 0.0254167456861714 0.0578201669683908 0.0272278305014108
11 62854212.5434783 0.0275689959462342 0.0874389372905922 0.022413154617151 0.131655694671735 0.00344504497192673 0.0623950881560935 0.0139122337647454 0.103876119612282 0.199008765815713 0.0456720942051918 0.132771135122799 0.0453250211205705 0.0491552999206865 0.0753624147842804
5 88330555.4545455 0.130115974965774 0.109522934928045 0.082540698696075 0.066881179768229 0.052966082734321 0.117030187168203 0.0331698964761892 0.0187495995632005 0.0663574406309214 0.0620301607044896 0.0234669471274745 0.134300112524365 0.0556440769775997 0.0472247077351126
22 31939778.5 0 0 0 0 0 0 0 0 0 0 0 0 0 0
9 133656994 0 0 0 0 0 0 0 0 0 0 0 0 0 0
10 99936051.75 0.00347478535664218 0.0274416402894492 0.0106033461858742 0.0253162933126788 0.00325862347846617 0.126624305211732 0.0237522510128295 0.0417030808522192 0 0.0265829278446263 0.156554013444451 0.068055947339271 0.0473994195218597 0.439233366149901
21 38207399.5 0 0 0 0 0 0 0 0 0 0 0 0 0 0
3 10289601 0 0 0 0 0 0 0 0 0 0 0 0 0 0
11 2871069 0 0 0 0 0 0 0 0 0 0 0 0 0 0
13 106377343.25 0 0.5 0 0 0 0 0 0 0 0 0 0 0.5 0
17 73782402.5 0 0 0 0 0 0 0 0 0 0 0 0 1 0
9 92147498.9375 0 0 0.0247876485902877 0 0 0.0377026756480639 0.125 0 0 0.393181626011278 0.19495131159412 0.057765039230733 0.162271651731532 0.00434004719398522
3 194503505 0.0294259837982202 0.0260990675942241 0.0199535320877245 0 0 0.0634868111196073 0.156198011153257 0 0.331506576198425 0.0220558951704955 0.0945267386367775 0.0245681513045286 0.0540754831720913 0.178103749764649
10 24251585 0 0 0 0 0 0 0 0 0 0 0 0 0 0
8 116875645.5 0 0 0 0 0 0 0 0 0 0 0 0 0 0
18 49832540.5 0 0 0 0 0 0 0 0 0 0 0 0 0 0
22 21004906.6666667 0.0716014995324942 0.200290375127241 0.048755719180342 0.0217013527293691 0.0160599788908835 0.0378635221895929 0.0342773214091301 0.0184899977042534 0.0348485188146359 0.10047247637143 0.0207573317833209 0.0998468460519432 0.215500011798775 0.0795350484165887
17 78109232 0.055444455811662 0.258345026723218 0.0457537961636051 0.0281335648375962 0.026431842580506 0.0205430090670753 0.0159038723899311 0.0468850652917083 0.318121808132799 0.0580123859145074 0.0505179504071816 0.0444211953453328 0.0140723161650611 0.0174137111698161
2 219684412 0 0 0 0 0 0 0 0 0 0 0 0 0 0
17 59116207 0 0 0 0 0 0 0 0 0 0 0 0 0 0
5 112161749.25 0.0937544738929728 0.114586593493468 0.0662621785466033 0.11675605985236 0.0112994463301785 0.0369437684066638 0.0143238884494468 0.0845956931380776 0.0721822021659254 0.138349914697261 0.0451962289568599 0.115620495349305 0.0493420298912135 0.0407870268296634
13 40465999.5 0 0 0 0 0 0 0 0 0 0 0 0 0 0
1 20647424.5 0 0 0 0 0 0 0 0 0 0 0 0 0 0
1 160025873 0 0 0 0 0 0 0 0 0 0 0 0 0 0
11 77739123.5 0 0 0 0 0 0 0 0 0 0 0 0 0 0
10 80062712.5 0 0.141770312020809 0.0431199735260412 0 0 0.108908457109705 0 0.135055015007549 0 0.186993524787232 0.309855491279608 0 0.0740111470995555 0.000286079169500355
12 9066611 0 0 0 0 0 0 0 0 0 0 0 0 0 0
2 235506658 0 0 0 0 0 0 0 0 0 0 0 0 0 0
11 111823212.5 0 0 0 0 0 0 0 0 0 0 0 0 0 0
23 110306320 0 0 0 0 0 0 0 0 0 0 0 0 0 0
13 110896905 0 0 0 0 0 0 0 0 0 0 0 0 0 0
2 197276688 0 0 0 0 0 0 0 0 0 0 0 0 0 0
1 155396493.5 0 0 0 0 0 0 0 0 0 0 0 0 0 0
21 29372327.5 0 0 0 0 0 0 0 0 0 0 0 0 0 0
2 74150042.5 0.0783047037241099 0 0.0246746016212593 0.128101074551792 0.0309023275912413 0 0 0.0616058863921928 0.0285764031220134 0.21414151566025 0.020637405985192 0.391145615994781 0 0.0219104653571684
21 39218448.5 0 0 0 0 0 0 0 0 0 0 0 0 0 0
11 3035326.5 0 0 0 0 0 0 0 0 0 0 0 0 0 0
21 36144986.125 0.0857342109934286 0.0334671432950173 0.0399276513436419 0.0103223092457448 0.0156281140634408 0.0344213921233504 0.00374724228772814 0.0199064618490639 0.00662580687771808 0.0168748267737591 0.435110531600627 0.145555977994294 0.0257106788482111 0.126967652703975
17 13910236.6666667 0.00291613032252179 0.430141017777201 0.0274912488748193 0.0276182138450238 0.0110457362821309 0.0304791067959075 0.0293456413611564 0.00421733567088053 0.0505264758501034 0.0742945396661806 0.0590563018803317 0.0513249269212331 0.0336631581811939 0.167880166571316
5 181254022.625 0.120467531212742 0.0299388178394164 0.127937032091246 0.0299227218799359 0.0134589117381387 0.0360981406118646 0.00910868345427328 0.193460350045517 0.0255847244627281 0.0401074582571372 0.0663627516852601 0.13304257450501 0.0406138846682848 0.133896417548445
4 52714343.6666667 0.0448817821577704 0.0495967490706643 0.0251937563506621 0.132763771964218 0.0960068583886994 0.114418846045548 0.0556001839688981 0.0195956814608007 0.143442856605409 0.0900555503155303 0.0679784539253337 0.0474878512014435 0.022092241131782 0.0908854174132401
14 23951546.5 0.0480627004685316 0.0899680247888419 0.286477850331643 0.0659732398644048 0.0456196634731885 0.0440692739054506 0.0300900075279258 0.0176717202214635 0.0466341471343131 0.0700340333094094 0.0521442035093272 0.0577509713629087 0.0358703878533588 0.109633776249233
14 101558065 0.0686000231410325 0.0545911154579443 0.013820382689901 0.0851224377449377 0.00428419951067823 0.00859625411326387 0.0107582826301728 0.0197937395325769 0.104660628962673 0.162526136818708 0.180719446935222 0.17847706960627 0.0634506101163274 0.0445996727402917
21 46465888 0 0 0 0 0 0 0 0 0 0 0 0 0 0
1 8876897 0 0 0 0 0 0 0 0 0 0 0 0 0 0
1 44243829 0 0 0 0 0 0 0 0 0 0 0 0 0 0
16 2668339.91666667 0.0204660200151589 0.0696214801205956 0.0410785444592105 0.00609963093556469 0.0330911222794563 0.0729123922620383 0.175413673793084 0.114310432567865 0.0449858321013663 0.047940371676756 0.100351928513797 0.0571956733511386 0.1129496263484 0.103583271575569
20 26071863.6666667 0.00531096264196053 0.0306885553706072 0.0213038237420716 0.0314112913920213 0.0225165987540338 0 0 0.0148414448733384 0.0076434740773201 0.0559209577626988 0.237004458441738 0 0.541472462271345 0.0318859706728655
9 38625502.5 0 0.00568033271273133 0.0463375921825352 0.0489761607190591 0.0236896687068811 0.101423822060673 0.000192430323122994 0.0459061474312267 0.142290813161685 0.0683987447433613 0.254100460748851 0.0628796180220808 0.118296421060498 0.0818277881272934
9 113116435.25 0.0153471973885695 0.12482745999976 0.0534938385252617 0.00882349809914478 0.00347762934304817 0.00710523753813203 0.00384054170296713 0.0157555638647225 0.0327235747216687 0.0316758179949597 0.0575457300066801 0.0300795716158601 0.589291852535558 0.0260124866636671
1 818603.5 0 0 0 0 0 0 0 0 0 0 0 0 0 0
3 58166053.5 0.0452144074576456 0.0387493148578696 0.028218612994317 0.0427744111586382 0.014072311126747 0.0507084019081945 0.015121208720505 0.030196470403922 0.0288617259579945 0.0481141167201268 0.0280225981792844 0.0631905185887302 0.533374433370416 0.033381468555609
23 147947261.5 0 0 0 0 0 0 0 0 0 0 0 0 0 0
3 71572355.5 0 0 0 0 0 0 0 0 0 0 0 0 0 0
16 54040059 0 0 0 0 0 0 0 0 0 0 0 0 0 0
23 74238765.4 0.0622689185961828 0.0916933883643787 0.0459760872649907 0.0240354830098134 0.0425646464969997 0.00895528995198282 0.015513563300311 0.0548480036212172 0.00913063674903539 0.0825789818846206 0.253185306762127 0.000759832589284178 0.0734008033668935 0.235089058042163
20 58836181 0 0 0 0.145559902614421 0 0 0 0 0.194123881226375 0 0 0.0333434893099483 0.427726848022202 0.199245878827054
7 66494627.5 0 0 0 0 0 0 0 0 0 0 0 0 0 0
3 129319377.833333 0.0137583297752341 0.0616864401852129 0.362452422373147 0.0333044103260263 0.0275650810411782 0.043105018281541 0.0538794584950728 0.0504298562526532 0.0379582503482278 0.0287285789424361 0.0319826374034631 0.197648576224518 0.0163520912643448 0.0411488490869447
16 73093061 0 0 0 0 0 0 0 0 0 0 0 0 0 0
6 26525190.5 0 0 0 0 0 0 0 0 0 0 0 0 0 0
6 5642587.5 0 0 0.509337072596331 0 0 0 0.0329238681314108 0 0 0.144301167042786 0.216488922521482 0 0 0.0969489697079903
7 27201791.1666667 0 0 0 0.206347441118756 0.18749594296864 0 0 0 0 0 0.247396775519642 0.356852033712159 0.00190780668080321 0
12 53983942.5 0.570354185798405 0.103099373222322 0.00665233328987678 0 0 0.131250621984919 0 0 0 0.0227893596204539 0.0223980279566033 0.0938133151939494 0.0496427829334708 0
1 43455439 0 0 0 0 0 0 0 0 0 0 0 0 0 0
10 1033586.83333333 0.0123341742992332 0.0477345855321006 0.0351946671769606 0.00360191066478384 0.464789713896909 0.0171971514505453 0.00755426680009847 0.0981114474955647 0.062111385671817 0.0625270966657112 0.0728293058995451 0.0126205738149235 0.0108442980728093 0.0925494225589985
20 34452740.5 0 0 0 0 0 0 0 0 0 0 0 0 0 0
17 46195535.1666667 0.0675162169739007 0.0374154977852614 0.0416456419445123 0.026734111293727 0.102180966752575 0.0194907178471073 0.0626915352884679 0.00996248771596226 0.0188764876396315 0.00626338917118859 0.0795410879577766 0.225867575560744 0.29045524752286 0.0113590365462854
1 211132980.5 0 0 0 0 0 0 0 0 0 0 0 0 0 0
11 127004483.5 0 0 0 0 0 0 0 0 0 0 0 0 0 0
2 207121463.5 0 0 0 0 0 0 0 0 0 0 0 0 0 0
19 54447523 0.0735516506870194 0.0983000844811295 0.0379226579653816 0.0385756142970712 0.00512685646390362 0.0362817768300677 0.00717476148088011 0.0416636384443147 0.0958192037124633 0.04683442789715 0.350716364993452 0.0685972859556194 0.0104047791586436 0.0890308976329042
5 38588697.1666667 0.0401581759712143 0.112005406240208 0.0889583066333139 0.0388609987814672 0.0151948341974078 0.212662607461863 0.0122915999214102 0 0 0 0.0314439484399163 0 0.303089444489352 0.145334677863847
7 66390310 0.0180979732960167 0.046325626721868 0.156719961445481 0.0689393638321038 0.013061809948843 0.0484419475742935 0.025571878022868 0.0246550342802357 0.103135681124799 0.0265378780943616 0.0851075355422214 0.130675118482698 0.140902818077448 0.111827373556762
21 45295319 0 0 0 0 0 0 0 0 0 0 0 0 0 0
14 106492400.833333 0 0 0 0 0.333333333333333 0 0 0 0 0 0.160220763574686 0 0.50644590309198 0
1 182411217.5 0 0 0 0 0 0 0 0 0 0 0 0 0 0
18 64116076.6666667 0 0 0 0 0 0 0 0 0 0.333333333333333 0.116483028299101 0 0.550183638367566 0
21 43466350.7 0.0295550780339291 0.0561441598451555 0 0.00074293864263974 0 0 0 0 0 0 0.0315307099576159 0 0.613157679949138 0.268869433571521
21 43449828.25 0.307647744997008 0.0195526112317923 0.048269356096035 0.0621391868171735 0.00462668462385262 0.0198812759931007 0.211150617859641 0.0678000182450428 0.0354751785929347 0 0.103463997048621 0.0250401570851618 0.059734100725759 0.035219070683878
21 43327123.5 0 0 0 0 0 0 0 0 0 0 0 0 0 0
17 8222336 0 0 0 0 0 0 0 0 0 0 0 0 0 0
1 6237841.5 0 0 0 0 0 0 0 0 0 0 0 0 0 0
2 95810946.5 0 0 0 0 0 0 0 0 0 0 0 0 0 0
13 88542790.5 0 0 0 0 0 0 0 0 0 0 0 0 0 0
9 95861258.375 0.0264133544081854 0.193551657989934 0.0453822439538846 0.105526007258606 0.00948645363779868 0.100594278648186 0.00324316612544574 0.0111975145682717 0.0696522103621688 0.157889646152464 0.0433321257302514 0.020738034102451 0.0930966527366603 0.119896654325692
6 10432070.6 0 0 0 0 0 0 0 0 0 0 0.602761432608998 0 0.397238567391002 0
14 55790543.5 0 0.0238651357662154 0 0 0.743607907630689 0 0 0 0.0183243076403743 0.0803099788973445 0 0 0 0.133892670065377
15 69838905.25 0 0 0.0483450173343442 0 0.0470083562612333 0 0 0 0.0406657751049857 0 0.330277264325324 0 0.533703586974113 0
14 23928407 0 0 0 0 0 0 0 0 0 0 0 0 0 0
12 9060332 0 0 0 0 0 0 0 0 0 0 0 0 0 0
23 102826365.875 0.147835758203647 0.132041399616805 0.0882628339500117 0.0243277364620298 0.0501410379226724 0.0115477599497303 0.0496456071637925 0.0384349616415802 0.0499786931978418 0.0658350928985298 0.0736224867486145 0.0166991410586061 0.0488828931000316 0.202744598086106
3 63050963.2 0 0 0 0 0 0 0 0 0 0 0 0 0 0
23 149537029.166667 0.0144159356415911 0.0550324859465006 0.119682102633106 0.000681442677961881 0.0244932873596365 0.0294854443809834 0.0161868583087718 0.0519795918732137 0.124420326401906 0.062518484665561 0.275583270020137 0.0608994257693002 0.078792466729962 0.0858288775913693
19 28969517.75 0 0 0 0 0.0333851632286958 0 0 0 0 0 0 0 0.966614836771304 0
7 44040525.25 0.00778290997245967 0.0253939203208199 0.0334462576875718 0.0622110127985318 0.0528200270603383 0.0508212292511131 0.00568944415847951 0.019546871883939 0.0716830851597321 0.036226641278604 0.371240114198065 0.0690205318358634 0.165192874819133 0.0289250795753491
8 124933490.928571 0 0 0 0.0256356219523632 0.0861730892675942 0.0862341554261227 0 0.143686869783112 0 0.0234721577036628 0.26858412760441 0.0719463009646365 0.279372286120498 0.0148953911776003
23 103498919.5 0 0 0 0 0 0 0 0 0 0 0 0 0 0
7 79461319.6666667 0.0501155858252496 0.0385176419579009 0.0336960875268545 0.0309152930730808 0.171554041924444 0.0891067923468197 0.0321963871721602 0.0942900424088795 0 0.167807099217682 0.0169856311907194 0.0872289711948269 0.0183159830230439 0.169270443138338
2 66439699.5 0 0 0 0 0 0 0 0 0 0 0 0 0 0
2 66428406 0 0 0 0 0 0 0 0 0 0 0 0 0 0
22 26660347.25 0 0.386086825237811 0 0 0 0 0 0 0.244160502986867 0.0840383860610362 0.0195247385626263 0.142857142857143 0.105728122089776 0.0176042822047405
1 98036517 0 0 0 0.2947160247464 0 0 0 0 0 0 0 0.180261820110765 0.525022155142835 0
9 124678548.5 0 0 0 0 0 0 0 0 0 0 0 0 0 0
11 567860.25 0.0503745103389195 0 0 0.0861629886980428 0.0502736939097715 0.146917407314249 0.0828640492522922 0.0556177143558246 0.0809984145363078 0.304613307015516 0.00709569212841721 0.123943150306914 0.00264145813942323 0.00849761400432172
13 87537758.5 0.08067137974504 0 0.000194170131516993 0 0 0.444088697775975 0.208829627859766 0 0 0.0137483410309256 0 0.21829474077824 0.0341730426785366 0
3 123610302.833333 0.0115058587243462 0.0882534235018079 0.00775946513282453 0.263930813397789 0 0.42427514328474 0.0426373446104507 0 0 0.0164549298628931 0.0178107965622927 0.0822242855761409 0.0115651245155092 0.0335828148312066
11 19505172.5 0 0.156807332221841 0.0123417868858456 0 0 0.187171961615894 0 0 0.0754255866761162 0 0.057873218451548 0 0.5 0.0103801141487553
1 11844968.25 0.0436348091631253 0.152852191065498 0.0358345047958693 0.0320203605904704 0.137289636972952 0.0788215730528107 0.0241352723249324 0.0526867820735458 0.0803566008525897 0.0656016257310874 0.0326128632856938 0.055042233300228 0.160696647418172 0.0484148993730253
23 91424938 0 0 0 0 0 0 0 0 0 0 0 0 0 0
3 48849272 0.0888748352869023 0.121376412592412 0.0323026947797509 0.0137182249008794 0.105253585961055 0.0158959337139433 0.00591762100573335 0.0344220312940878 0.0325552314876209 0.0154401224299328 0.148006034513767 0.0213276005325893 0.182014957881418 0.182894713619908
3 9954997 0 0 0 0 0 0 0 0 0 0 0 0 0 0
3 141525626.5 0 0 0 0 0 0 0 0 0 0 0 0 0 0
22 29466193.5 0 0 0 0 0 0 0.267377980726918 0 0 0.333475978800885 0 0 0.399146040472197 0
1 155319913.5 0.159448039165784 0.0405966148744477 0.126868617686739 0 0.0586904652621579 0.234197810806427 0 0.0112746105478911 5.94969818515752e-05 0.269161754544923 0 0.0163832973119863 0.0325804767747215 0.0507388160430711
11 93721688.5 0 0 0 0 0 0 0 0 0 0 0 0 0 0
23 119467429.666667 0.0141858461188984 0.0248137430958714 0.0141406615109085 0.015404594190924 0.0660465885881256 0.416131152157005 0.0141424288358625 0.0203987002621002 0.0208010317878725 0.0147014381712853 0.101947256307539 0.0244346813486598 0.0798686315894935 0.172983246035455
5 136132198 0 0 0 0 0 0 0 0 0 0 0 0 0 0
1 227745512 0 0 0 0 0 0 0 0 0 0 0 0 0 0
8 66923833.4 0.0438681625983971 0.0863831078734809 0.153112610483841 0.0572897392065154 0.0248198636071625 0.0358585111020922 0.0362079738536245 0.0886536411944177 0.110710306429266 0.10799807984319 0.0696929025065542 0.0465822865000773 0.072769870159957 0.0660529446414243
16 1965226.75 0.00538008496185997 0.167041765592546 0.0113628975206233 0.0169525098469849 0.069134688866095 0.0943558078873321 0.0462240314082275 0.0714958276769415 0.023315606126125 0 0.272484627350844 0.12073738924602 0.0300551282380833 0.0714596352783167
17 28610107.8 0.00440332163223044 0.0802214507322982 0.0118743778799879 0.00949490123805048 0.00684605942815705 0.113885809385602 0.0137715803948048 0.0138121338662625 0.104251467468985 0.0421595364452853 0.0442990482801287 0.0246160450704218 0.491346627372363 0.0390176408054226
3 9193472.5 0 0 0 0 0 0 0 0.384756591947321 0.00519788015677164 0.608142990210366 0 0.000584878424824042 0 0.0013176592607182
20 44965104.5 0.0169618590638633 3.43028394104779e-05 3.5760884785501e-05 3.43980767524662e-05 3.89099089726085e-05 0 3.26640494823932e-05 0 3.34038342844019e-05 3.11101770604778e-05 0.0255295636724116 2.95421517208675e-05 0.957238485341256 0
6 158001744.5 0 0 0 0 0 0 0 0 0 0 0 0 0 0
6 40368918.875 0 0 0 0 0 0 0 0 0 0.000518060200572811 0 0 0.999481939799427 0
13 30922760.3214286 0.00560256416543869 0.0184263073803513 0.0459465569358323 0.00786951690429841 0 0.00067960642475735 0.000233285432829122 0.0234864841222452 0.0739284392718593 0.00702113543597209 0.107567121034969 0.00105220558789165 0.705723048860162 0.00246372844339345
3 149382180 0 0.481621426104584 0.00419937967567768 0 0 0 0 0 0 0.00414022706240703 0 0 0.5 0.010038967157331
1 15132139 0.014585958076728 0.0110243886466229 0.0580822814174443 0.0522838362490549 0.0108200730017262 0.0520214645151408 0.00289317072195911 0.0215391821365623 0.00921905322040484 0.128135310505828 0.515418816700794 0.0844925037425656 0.0308103962904159 0.00867356477475304
20 49283784.6428571 0.0787484737858195 0.136845515045195 0.0740958438139598 0.0582765207764904 0.00834963860678179 0.029230399021132 0.0208315238550248 0.0599514978719761 0.088853176618133 0.144503185187381 0.0554977252185074 0.0574331446039204 0.0741896234773244 0.113193732118354
3 50343401 0 0 0 0 0 0 0 0 0 0 0 0 0 0
10 43646980 0 0 0 0 0 0 0 0 0 0 0 0 0 0
5 177052338 0 0 0 0 0 0 0 0 0 0 0 0 0 0
7 159016067 0.0316234799403275 0.0434823164042812 0.009901506942983 0.0331917176950825 0.045528986962533 0.0107228585256215 0 0.00831112067523665 0.0408793678286013 0.062398932986557 0.259677972347759 0.023044645938422 0.412090299914522 0.0191467938380734
3 181606425.96875 0.105681797221351 0.0156824778938168 0.0347899327552498 0.148144346481888 0.0155748099840812 0.0107703670698997 0 0.00449369361739721 0.0749010881510753 0.0513589241655766 0 0.0915522379350201 0.423558317974813 0.0234920067498303
1 160698090 0 0 0 0 0 0 0 0 0 0 0 0 0 0
21 40384220 0 0.178064983287036 0 0 0 0 0 0 0 0 0.570719819624178 0.136713073387142 0.114502123701644 0
15 50360086.125 0 0.00022350406768195 0 0.176413048600867 0.0336176923957869 0.0080813667354077 0 0.0634269798921308 0.0663178320031266 0.400873262363775 0 0.0628558443527266 0.188190469588497 0
18 3595860.375 0.0222542372307397 0.0530054670134812 0.0536458782527211 0.0936581392611534 0.0273804732195349 0.0495983143948916 0.0360833129128486 0.0356541237739399 0.0338299657329316 0.0204584050558685 0.0716785855714195 0.0420114130047851 0.322541484178702 0.138200200396983
3 94999336.3 0 0 0 0 0.00402598009827381 0 0 0 0 0 0 0 0.995974019901726 0
19 56844728.5 0 0 0 0 0 0 0 0 0 0 0 0 0 0
8 73430209.75 0.0495650228460943 0.124153563886917 0.131475021949227 0.00678360907913872 0.117788794357808 0.19467617285411 0.0408626838342177 0.0663706552703679 0.0865886048724574 0.0407679794097429 0.0237338922109426 0.0977652939551776 0.00685552606635176 0.0126131794074474
3 114370110.8 0.0148692249521512 0.0134310205819698 0 0 0.0107728873803263 0.224427265470225 0 0.00485284717795577 0.0602830865760286 0.00602578365404948 0.000759489954069045 0 0.664578394253225 0
8 143044785.5 0.00326321342994504 0.142373979691765 0.0809689082562289 0.0447904378758831 0.0568409722392726 0.030641861354897 0.00997250770059048 0.0273846513167508 0.0490609915727924 0.0831020178608679 0.251127113728849 0.0877941695183575 0.028389082927583 0.104290092526217
14 104822459 0 0 0 0 0 0 0 0 0 0 0 0 0 0
14 91410.5 0.0298962343899676 0.0597134221764037 0.043187473035927 0.0158163014835617 0.119537029206178 0.0782410174838102 0.0838246163945986 0.0203942062132756 0.160848434919445 0.0956711286363389 0.12934262716738 0.024150757958456 0.0138357392572518 0.125541011677406
16 88673600.8333333 0.0505556738861223 0.10513221589862 0.0791144263731872 0.0103843568258085 0.131785127669557 0.0533405912258739 0.0515034356246246 0.0132313821002877 0.041456889368691 0.197175345733468 0.0299202700866115 0.057966181183506 0.138861213934476 0.0395728900891653
7 44984940 0.122004775936815 0.127247930945474 0.0141927477527995 0.0220012573771736 0.00957761726659405 0.036069308656306 0.0265261281431157 0.0951214457752528 0.101777922860732 0.160683129703684 0.17815116507505 0.0367059990747209 0.0271765293322781 0.0427640421000041
3 38450168.5 0 0 0 0 0 0 0 0 0 0 0 0 0 0
9 135474650.166667 0.0630713695889238 0.096464251948017 0.0189611605301414 0.0685346945278396 0.0274934768405071 0.131261778581415 0 0.0686162651427323 0.00215524127729075 0.131217387555426 0.294295516947517 0 0.0106108219882615 0.0873180350719293
7 1577970.3 0.0211056826902802 0.056680687981618 0.087204074098396 0.0154328995304774 0.238163382446591 0.139240789448269 0.0548060379595299 0 0.0597073326910068 0.101814027931065 0.100917285225628 0.00210681421596224 0.0640211656550413 0.058799820126135
19 15833973.5 0 0.00523270632312883 0 0 0 0.0776353823693448 0.0216457005690911 0 0 0.00350280600086484 0.211120790604158 0.666883466602156 0.0139791475312558 0
9 34574120.75 0.0169678659497337 0 0.035976038285198 0.0311312946650362 0.00430136281929181 0 0 0 0 0 0.0412523989421446 0 0.870371039338596 0
11 2144586.16666667 0.00561911355274752 0 0.0091408832568337 0.00485193023418866 0 0.00364314857300326 0.432934321018818 0 0 0.0314313899015915 0.448107764157043 0.0150521939644399 0.0469137840232045 0.00230547131812982
22 44570539 0 0 0 0 0 0 0 0 0 0 0 0 0 0
24 6472265.5 0 0 0 0 0 0 0 0 0 0 0 0 1 0
2 87566295.5 0 0 0 0 0 0 0 0 0 0 0 0 0 0
12 7115305.5 0.0236576954448288 0.201221253971767 0.00535375853867547 0.00907998091681388 0.0182984875317716 0.0555056256462929 0.043497957788581 0.00475668501026211 0.089680525006517 0.101789036637859 0.287237068297046 0.0580501166706997 0.0238864394293061 0.0779853691095793
9 113107802.25 0.0269379106207879 0.063905270832444 0.064834117666353 0.0137784005906402 0.00756351540695218 0.00923875716640064 0.00365410664838505 0.00490097996757004 0.0493225750656599 0.0231390049065321 0.0264346020448853 0.0364039107333412 0.635531479452939 0.0343553688971093
6 169793807 0 0 0 0 0 0 0 0 0 0 0 0 0 0
17 81306280.75 0.226306953729002 0 0.0798680862319534 0.0589396039845211 0.0484505527683114 0 0 0.184613530144273 0.0752628842926727 0.0051798210512658 0.19300371646388 0.0290931040232898 0.00958920457712436 0.0896925427337068
1 119598496 0 0 0 0 0 0 0 0 0 0 0 0 0 0
9 35657884 0 0 0 0 0 0 0 0 0 0 0 0 0 0
11 128693847 0 0 0 0 0 0 0 0 0 0 0 0 0 0
4 4562918.5 0.00989332028465588 0.215040900288074 0.106321712562175 0 0.00287131395088141 0.271285124346443 0.00262474771551012 0.0217081884241054 0.0314434593181073 0.189348386336428 0.0945306044917542 0.00925285536611925 0.0282752758433923 0.0174041110723555
13 70121605.5 0 0 0 0 0 0 0 0 0 0 0 0 0 0
9 3899944.5 0 0 0 0 0 0 0 0 0 0 0 0 0 0
7 41714516.6666667 0 0 0 0 0.5 0.0316770577774433 0 0.0124417796128736 0.0610904125202282 0.0698951540208133 0.0649937993831641 0.0367852489834393 0.182885341753747 0.0402312059482912
21 32111184.5 0 0 0 0 0 0 0 0 0 0 0 0 1 0
21 28018297.5 0 0 0 0 0 0 0 0 0 0 0 0 0 0
5 88641945 0.0188379411179429 0 0 0.144117353314645 0.218773787870091 0.21923163481278 0 0 0 0.259837069789628 0 0.121684952874536 0.00786816463231599 0.0096490955880617
17 45260550.05 0.0052245482786268 0.0524099170229267 0.0524685146272205 0.0297642075945934 0.0207270970612319 0.0555513956872508 0.0036048938422561 0.07452413308224 0.12091235853779 0.00558894505013162 0 0.0285976610272978 0.539152656358235 0.0114736718301994
15 24561659.5 0 0.000394007481151749 0 0 0.0116964759109227 0.00603893371854182 0.00981511152807376 0 0 0.172007555590412 0.0274211824410712 0.0240031436976332 0.611567174023309 0.137056415608885
4 84988017.25 0.100643008283987 0 0 0.260129800617015 0.0225034740748946 0.0183378717289194 0.012759881281722 0.0959734704741994 0.0157676447719556 0.058559700418318 0.233857913888294 0.0599640991001551 0.0417415332396629 0.0797616021208763
1 71062640 0 0 0 0 0 0 0 0 0 0 0 0 0 0
2 61144005.75 0.0271884679557815 0.0812345634608438 0.0304690445361422 0.0672574080700727 0.0309095718974761 0.226185940924785 0.0425959774128879 0.00842576457567883 0.0330150942065026 0.0345721809827882 0.0496873136050473 0.029646680009025 0.22048205760797 0.118329934754999
3 15258599 0.0972947110457255 0.0706440483087236 0.0598997607113084 0.0373404666966988 0.00682806874170654 0.0715002399299523 0.00647333702782722 0.125855235303696 0.0270533247010361 0.379731520987154 0.017669913227261 0.0245732332705493 0.0412991638340193 0.0338369762143411
3 23198814.75 0 0 0 0 0 0.021485821490564 0 0 0 0 0 0.0662202247523603 0.884704346670435 0.0275896070866405
5 56905377 0 0 0 0 0 0 0 0 0 0 0 0 0 0
2 222324458.428571 0 0.00199528766300277 0.0540759688571499 0.155117017613344 0.0209373243387803 0.0479140836391616 0 0 0.0129223107826627 0.000173309224804997 0.0364020881145002 0.0144263348698461 0.50808452509013 0.147951749806617
2 130835100.5 0 0 0 0.0209903889845965 0.0105862741335239 0 0 0 0 0 0 0.0618757111578291 0.46013460734453 0.44641301837952
2 1583388.5 0 0 0 0 0 0 0 0 0 0 0 0 0 0
12 6447559.33333333 0.0535804733164028 0.0881100770445595 0.0704874224610365 0.192685506148653 0.0111285447098347 0.049381063379245 0.0148689228296032 0.0348795953101311 0.0384246504347481 0.0850455899757079 0.0465797251648767 0.172758462152294 0.0611848048167606 0.0808851622561469
13 79414622.5 0 0 0 0 0 0 0 0 0 0 0 0 0 0
20 1352038.5 0 0 0 0 0 0 0 0 0 0 0 0 0 0
10 95990814.8333333 0.133653326288246 0.15948104503126 0.0565066178090304 0.0533018404562133 0.0620355532429698 0.112469178145828 0.0108634691483759 0.027233410235635 0.0202155867812524 0.0559476796101457 0.0179434258494034 0.0280453985559398 0.14872946641008 0.11357400243562
8 9902180 0 0 0 0 0 0 0 0 0.109715010614151 0 0 0 0.890284989385849 0
16 89716177.75 0.035017490410872 0.182353570826931 0.0457624735798038 0.0162312029618955 0.0147929729165929 0.0618531701983521 0.0415688144245706 0.0222740212227483 0.161133948061024 0.133623391797235 0.132596467409271 0.055790442770385 0.0407696345845781 0.0562323988357402
3 185174577 0.0104793802597872 0 0.030291330239384 0.00961002267714508 0.0662678300336936 0.245487566243202 0.563467192077259 0.00172065680469896 0.00104503792502381 0 0.0050959407959638 0.0416111418171342 0.0173750429839061 0.00754885814280256
21 41717008.5 0 0 0 0 0 0 0 0 0 0 0 0 0 0
16 89161537.8333333 0.0216019739578533 0.131679418768889 0.022674884421868 0 0.00347619613753921 0.206635246182407 0 0.114212735441507 0.0318652719518939 0.10904479715529 0 0.0278045366872555 0.0236120820692155 0.307392857226281
10 78343468.6666667 0 0 0.111638190338612 0.0356996429351464 0 0 0 0 0 0.0647199890083363 0 0.0583269790058128 0.59745944158459 0.132155757127502
16 1070184.125 0.00447349074370775 0.259669540531755 0.00224942013723234 0.00191862017956182 0.539034216628676 0.0977403206526472 0 0.000105680953980294 0 0.0013240236088695 0 0.0113383262465676 0.081692584957148 0.000453775359854492
6 111516982.15 0.0925090685197217 0.0664607137174068 0.0676098697322317 0.0598414933528531 0.00311284780296995 0.193088896931775 0.0173137673042248 0.0815969392640757 0.0382472411009191 0.0827796299122461 0.0480842626056666 0.0408155289844426 0.113193215282598 0.0953465254888697
10 46398156 0 0 0 0 0 0 0 0 0 0 0 0 0 0
12 120972957.333333 0.0204632238685293 0.0025630492019222 0.00147334008167105 0.125570424182211 0.000437957541020262 0.216332096479885 0.485277677955988 0.12908252826362 0.00523002883003414 0.0092235799177108 0.000455235187394388 0.000395540808023674 0.00230453178058224 0.00119078590140813
21 22107572 0 0 0 0 0 0 0 0 0 0 0 0 0 0
22 49420606 0 0 0 0 0 0 0 0 0 0 0 0 0 0
21 28539836 0.0484127607189806 0.0323020105866062 0 0 0.00860379734783633 0.00902482290234699 0 0.0102885844047164 0.601698066248971 0.0370531217793783 0.0825713526903309 0.170045483320834 0 0
3 13698655.5 0 0 0 0 0 0 0 0 0 0 0 0 1 0
2 199470114.625 0 0 0 0.538615671324066 0.209870002615216 0 0 0 0 0 0 0 0.251514326060718 0
17 42757830.7 0.0310108064779717 0.00788555683904568 0.0181300537423704 0.0391828218091356 0.0160180250161425 0.0374211192116621 0.00463480151205104 0.0960607467253427 0.0110237484071773 0.103545963406302 0.531387734930166 0.0292942426031631 0.0573009747046411 0.0171034046148292
9 60930184.5 0 0 0 0 0 0 0 0 0 0 0 0 0 0
11 117035923.5 0 0 0 0 0 0 0 0 0 0 0 0 0 0
23 140741217 0 0 0 0 0 0 0 0 0 0 0 0 0 0
19 58351706.5 0.211891937482519 0.0815891416836289 0.00113089855215799 0.0360341775148661 0.0110807629448777 0.00740966980117134 0.329406703109479 0.0678637487596328 0.00712357367342487 0.0335230823553209 0.13236808837657 0.0107610287662591 0.0322335807952211 0.0375836061848707
3 150996429 0 0 0 0 0 0 0 0 0 0.0325057740820046 0.270355857916502 0 0.231986913159317 0.465151454842176
20 64301380.3333333 0.21980528762696 0.0888162915893886 0.0158868158994255 0 0.102428469412458 0.0806129396011466 0.052565601593734 0.04053924468835 0.039786874637675 0.0196968970695026 0.14265729162618 0.0370148546127393 0.115286213162011 0.044903218480429
17 45861169.3333333 0 0 0.0377934273457012 0.0373530197970994 0.0203335809359862 0.0513623269795731 0 0 0.0528924812714569 0 0 0.120512913575945 0.644314195674099 0.0354380544201398
12 126739878.928571 0 0.2090900298244 0 0 0 0 0 0.00883392595124785 0.0412269460901929 0.0174813963789254 0 0.0178051241539066 0.50741169569047 0.198150881910857
22 38733245.5 0 0 0 0 0 0 0 0 0 0 0 0 0 0
10 79508645.5 0 0 0 0 0 0 0 0 0 0 0 0 0 0
11 13669737.5 0 0 0 0 0 0 0 0 0 0 0 0 0 0
14 61733327 0 0 0 0 0 0 0 0 0 0 0 0 0 0
24 17566276.5 0 0 0 0 0 0 0 0 0 0 0 0 0 0
9 66975246.25 0.00386984684589178 0.506397183264018 0.0226616031382487 0.00670374952109946 0.00348950172904174 0.0474466391880932 0.00969511418488777 0.0771379429305637 0.00418994010999734 0.139584518138138 0.0484731875441879 0 0.130350773405832 0
17 42888263.1666667 0 0.259789290087651 0.5 0 0 0 0 0 0.240210709912349 0 0 0 0 0
10 17401924.5 0.00413309806995887 0.00321990121961098 0.00479535282351593 0 0.0025032761909056 0.0075800478055498 0 0.00105985699702741 0.012878523862116 0.0216578720382195 0.472568933686277 0.0889134782957352 0.380571712769759 0.00011794624132497
12 72261116.5 0.0484373687637692 0.148224098463183 0.074064176741474 0.0855234458897187 0.0137829363335659 0.26661055269705 0.0224056754763069 0 0 0.202394551037989 0.0247501997317796 0 0.113806994865164 0
23 49878039.5 0 0 0 0 0 0 0 0 0 0 0 0 0 0
22 18992538.5 0.0798425270964606 0.0185454963077032 0.0190326181849188 0.345335054436714 0.0350411235308596 0 0.0320728390697427 0.0133638490700594 0 0.0132320850231233 0 0.026417445865907 0.417116961414512 0
13 113830686.5 0 0 0 0 0 0 0 0 0 0 0 0 0 0
1 826863.5 0 0 0 0 0 0 0 0 0 0 0 0 0 0
1 133079593.25 0.0119199523027438 0.0384512464594605 0.00753598760672464 0.00992633285831264 0.101386258866414 0.0604522623573553 0.133392334243611 0.0962339313840831 0.205626842921918 0.0159120775249865 0.0107813964618994 0.0542315240639199 0.132148650987208 0.122001201961363
3 139114677.5 0 0 0 0 0 0 0 0 0 0 0 0 0 0
3 64784141.25 0.0927444099296855 0.095312324828607 0 0.147958396930434 0.00149246996021247 0.00924679521725173 0 0.190784282363624 0.0293600369287408 0.0669257630148581 0.102541751907338 0.230399859744828 0.00767523507118825 0.0255586741032322
17 76858002 0 0 0 0.133256802654542 0 0 0 0 0 0.0652568548706266 0 0.220630588079749 0.580855754395083 0
1 108857824 0.00230213835601151 0 1.5165161658558e-06 0 0 0 0 0 0 0.000543879342548992 7.67910793891756e-07 0 0.99715169787448 0
6 114484051.5 0 0 0 0 0 0 0 0 0 0 0.221850434520331 0 0.778149565479669 0
10 25167173.5 0 0 0 0 0 0 0 0 0 0 0 0 0 0
10 4658922.5 0 0 0 0 0 0 0 0 0 0 0 0 0 0
21 27737212 1 0 0 0 0 0 0 0 0 0 0 0 0 0
22 47626316 0 0 0 0 0 0 0 0 0 0 0 0 0 0
22 24467139.25 0.00269865937424919 0.0053458897242112 0 0 0.00857387388837926 0.318571775299848 0.250879673347768 0 0.00184359303509448 0.00269747793905007 0.0130027974303028 0 0.396386259961097 0
11 1666726 0 0 0 0 0 0 0 0 0 0 0 0 0 0
21 45246171.75 0 0 0 0 0.664324257079323 0 0 0 0 0 0 0 0.335675742920677 0
18 1329361.20833333 0.00838183766010466 0.0557247726647987 0.00244560463356124 0.00124905633191021 0.0710669481833568 0.00118618642829023 0 0.0936028442615166 0 0.00315459119606073 0.53107873080641 0.00485090396894347 0.216518663366854 0.0107398604981937
2 6736561.5 0 0 0.090146199703908 0 0.119377934990912 0 0 0.399618322138659 0.11241190052578 0 0.191644691196234 0 0.0868009514445066 0
5 124734896 0 0 0 0 0 0 0 0 0 0 0 0 0 0
16 2745350.5 0 0.233785218325992 0.142032895338808 0 0.00397827624173639 0.0143989912148739 0.0106504018695581 0.0603329866855232 0.00924581054084098 0.0589295898404157 0 0 0.0559770672942483 0.410668762648003
17 48597608.5714286 0.0529770619625201 0.0353545128642569 0.0175454207880046 0.221440137940383 0.00556173231420597 0.226608742486416 0 0.102202010184792 0.0179331107141655 0.0242099374797373 0.0440672974773757 0.0549421552694921 0.192685895028287 0.00447198549036432
8 142203678 0 0 0 0 0 0 0 0 0 0 0 0 0 0
23 321420 0 0 0 0 0 0 0 0 0 0 0 0 0 0
15 72789751.75 0 0.0509306492253078 0 0 0 0 0 0 0 0 0 0 0.949069350774692 0
10 1536512 0 0 0 0 0.513659026539864 0 0 0 0 0 0 0 0 0.486340973460136
6 133097328.5 0 0 0 0 0 0 0 0 0 0 0 0 1 0
21 41713840.125 0 0 0.0604418860367921 0 0 0.0603266092674112 0.314148278959869 0 0 0.172857639374191 0 0 0.206373865321606 0.185851721040131
1 209430504.833333 0.00414633183765315 0 0.289499909789191 0 0 0.0160180505227002 0 0.0742948100967791 0 0 0.375558996040296 0.198551255196874 0.0351172822829916 0.00681336423351493
13 113749799.5 0 0 0 0 0 0 0 0 0 0 0 0 0 0
16 54921935.9166667 0.0517119773253391 0.0100775336535714 0.214695303420431 0.00216121345661361 0.0480576160259478 0.0652986903222797 0 0.0114688735300232 0.0206468047801453 0.0818804849735155 0.00792784887594755 0.0290846543357285 0.256551803022669 0.200437196277788
9 68356514.5 0.00332260753311499 0.00184516547294531 0.00188011223699633 0.104502898715297 0.000139009049102723 0.000323232802738831 0 0.000153156572363529 0.000213654337760097 0.000850043984226034 1.39506535333726e-05 0.859101707941016 0.0266216997018304 0.00103276099907578
17 50888239.5 0.0448775807529638 0.0115967025283446 0.0252607095731552 0.0648163020276512 0.0287313116902278 0.00420184900797789 0.00602527877569086 0.143675972160833 0.278546663449442 0.00732812769136735 0.0713697810339332 0.0283477066733918 0.121768759841683 0.163453254793338
16 13754974.25 0 0 0 0 0 0 0 0 0 0 0 0 0 0
11 72689441 0 0 0 0 0 0 0 0 0 0 0 0 0 0
2 24990071.3571429 0.0328497225516194 0.0356285799549414 0.0470627552769892 0.0528462905634556 0.196873358384673 0.0654306141230247 0.0101709520069805 0.00994483555960074 0.0239115997604383 0.088948012662715 0.00931185532064471 0.18960587968382 0.158793444140628 0.0786221000104696
2 15938007.75 0 0 0 0 0 0 0 0 0 0.0720851102278512 0.386050003837556 0 0.499269057325565 0.042595828609028
23 18893127.5 0.188923510165673 0.0447528359427195 0.0437977097312433 0.0247709700295931 0.00474681670907753 0.158481244851938 0.027392711024943 0.0121320660247464 0.148240327713506 0.0358183808142787 0.164134118740393 0.0637917029346609 0.031118873642087 0.0518987316751416
9 77177396 0 0 0 0 0 0 0 0 0 0 0 0 0 0
2 144519994.833333 0.31462754085221 0.023239280212841 0.176578809990071 0 0.119718761783883 0.00708242802077174 0 0 0.0180054030299314 0.087342667088661 0.0139822592178754 0 0.115214662167945 0.124208187635811
12 114410453.125 0 0 0.0138715130145561 0.000911750920022376 0.172111098241273 0 0 0.303497202054421 0.0208828933928041 0.00121428783137156 0.455872833491324 0.00853817521639533 0.00119437598082849 0.0219058698570043
10 101239302.5 0 0 0.127889262050939 0 0 0 0 0.109899178705786 0 0 0 0 0.372015547855922 0.390196011387352
19 49845150.5 0.0201038859633471 0.0343299023373873 0.0333305100476709 0.0318614825667389 0.128662713437106 0.0447432121975638 0.0842873082101889 0.116224694985083 0.15606513713339 0.158121263461724 0.0267267784069951 0.0397489603201551 0.0847740978228145 0.0410200531098355
5 1176698.66666667 0 0.282428275517156 0 0 0.0579095927282672 0.352609658743029 0.256148763656499 0 0 0 0.0509037093550483 0 0 0
22 20703522.125 0.00439864539625882 0.0907472581650637 0.0280984106956309 0.163239287163194 0.0894428894400604 0.0927910908730498 0.00286690917303687 0.0767508613154632 0.0258845816982555 0.0402209567964488 0.139058628773186 0.00883672872071276 0.19478340621155 0.0428803455780898
21 33950460.0454545 0.00839358752755502 0.0545524118180038 0.109239837835341 0.0394381628043233 0.00246701554338008 0.117199959852903 0.00447861361584447 0.135229368175974 0.0701695016678838 0.0531931165614508 0.0247752488530902 0.101632342404618 0.260322242798968 0.0189085905406647
20 31486675.5 0 0 0 0 0 0 0 0 0 0 0 0 0 0
24 8704877 0 0 0 0 0 0 0 0 0 0 0 0 0 0
12 52208697.25 0 0 0 0 0 0 0 0 0 0 0.5 0 0.00166197231434994 0.49833802768565
1 26693896.5 0 0 0 0 0 0 0 0 0 0 0 0 0 0
14 36155735 0 0 0 0 0 0 0 0 0 0 0 0 0 0
4 3583789.5 0 0 0 0 0 0 0 0 0 0 0 0 0 0
12 8372385.25 0.0106616175930156 0.172346204138484 0 0.0146918356572981 0 0.0918698280768052 0 0.0814444491233845 0.0111883283261079 0.0726384934107045 0.0855666626035683 0.0336099900284211 0.223463715632114 0.202518875410097
1 47433386.5 0 0 0 0 0 0 0 0 0 0 0 0 0 0
16 86496015.875 0 0.00745126734986327 0 0.0518475868417284 0 0 0.00702600379606392 0.159754454326825 0.0362574787228745 0.00196722432670515 0.060832334774061 0.421468947996464 0.25 0.00339470186541456
7 87335381.875 0.0431144276894081 0.0865117419827531 0.0843503134608414 0.0755656580324819 0.032473150130814 0.0944180057804404 0.113017651241253 0.0973976354995734 0.0351101078722279 0.0248809205968942 0.032161068650987 0.146952592380105 0.0748679807143242 0.0591787459678967
8 75262311.5 0.00503492684178343 0.0980439831886551 0 0.13012636822713 0.023954351217789 0.36048443915868 0.0591017906047256 0 0 0.00480695989195993 0.249728614959603 0 0.0379531171253991 0.0307654487842758
19 56485911.8333333 0.0119360862785272 0.0616505095881747 0.0436471574588758 0.0305887143421823 0.0206387409389859 0.077574058272194 0.0056068987420184 0.0509599156609937 0.00882410388433092 0.0667088185977852 0.0316576133611765 0.063771392167329 0.181114282594326 0.3453217081131
11 12983181.2142857 0.115267362527919 0.0148694704142193 0.000241691717079228 0.035098261830594 0 0.367756769391478 0 0.0962752654735495 0.000292684683419512 0.0350349559717002 0 0.0312608709665588 0.111153077967083 0.1927495890564
15 40690641 0.0122250651481959 0.124386467500349 0.0972795217856281 0.0280603670588572 0.012743832677896 0.0856406622406652 0.00128034905858794 0.00306056826256459 0.0711607647753684 0.0424571307024415 0.0716293359374794 0.151957128140877 0.0932316405333639 0.204887166177725
11 9783537.58333333 0.016577925334445 0.110562109104906 0.0328934143528721 0.0514526329955505 0.0240276546310282 0.143942532699564 0.0425313341083744 0.0183129672946516 0.0345056302691311 0.0362247012866254 0.0883568098714121 0.0541890697246215 0.148852159336974 0.197571058989844
4 118279495.1 0.0323178873701777 0.0608806110610498 0.0425513646020429 0.0531870435989555 0.0195431858965832 0.0436215445422528 0.0725047614341301 0.169916595857714 0.0749899171915113 0.141509785324592 0.0647016573586897 0.0900348413493817 0.0627385782262334 0.0715022261866854
4 20797 0 0 0 0 0 0 0 0 0 0 0 0 0 0
25 172828 0 0 0 0 0 0 0 0 0 0 0 0 0 0
14 187522 0 0 0 0 0 0 0 0 0 0 0 0 0 0
7 141723344.166667 0.0526403080697897 0.0368494229178541 0.00306048877914591 0.0167131007914549 0.00449099041368497 0.0644240007748946 0.116594441849258 0.0748922449559267 0.0304133873047841 0.064797555085041 0.12097027461163 0.220065255744887 0.166456141668593 0.0276323870330561
13 94714480.5 0 0 0 0 0 0 0 0 0 0 0 0 0 0
12 30799382.6666667 0.0175796788899206 0.107412311011852 0.0534757486029689 0 0.0270922676286792 0.0665502664006588 0.00538544826978484 0.00696534821398873 0 0 0.0104304316076466 0.237901704077924 0.180206313888235 0.287000481408342
8 129481013.833333 0 0.5 0 0 0 0.0956835756608679 0.404316424339132 0 0 0 0 0 0 0
20 22569597 0 0 0 0 0 0 0 0 0 0 0 0 0 0
19 1953538.5 0 0.150019908318934 0 0.146232675599716 0.00385462707869864 0 0.0425694126698842 0.11678471506612 0 0 0 0 0.497437913394129 0.0431007478725183
5 91309722 0 0 0.0100102823981929 0 0.106670776071973 0.00686805456828737 0 0.128663752250971 0 0.22666255726136 0.208720347637651 0 0 0.312404229811564
17 72433414.2142857 0.0451658838755928 0.227288215642439 0.00901369530948767 0.020477758833546 0.0202027236523125 0.20489899856256 0.0038485424535119 0.0629969002770285 0.0545077415499791 0.107178521850461 0.0653259156727958 0.0953768492794511 0.0588518059466844 0.0248664470941498
3 116926834 0 0 0 0 0 0 0 0 0 0 0 0 0 0
17 62627008.5 0 0 0 0 0 0 0 0 0 0 0 0 0 0
1 217906851.5 0 0 0 0 0 0 0 0 0 0 0 0 0 0
17 41552050 0 0 0 0 0 0 0 0 0 0 0 0 0 0
6 158909536 0 0 0 0 0 0 0 0 0 0 0 0 0 0
17 1518747 0 0 0 0 0 0 0 0 0 0 0 0 0 0
9 94563371.5 0 0 0 0 0 0 0 0 0 0 0 0 0 0
15 73921938.0769231 0.0990225280766823 0.139487662233784 0.0253178458436749 0.0241528672585127 0.0254756080321736 0.0238751216058517 0.00113186366842002 0.0328492773475026 0.120862858524361 0.102144019797883 0.172361824649165 0.048760652749696 0.132794830188035 0.0517630400242579
5 93546483 0.0507754323779052 0.0284743227024761 0 0 0.00772001239036017 0.0296209900432791 0.00231910944355761 0.311512937926941 0.0921957869164849 0.0769520383586323 0.0748400694753983 0.231485874348116 0.0424055101046506 0.0516979159121985
7 107659284.333333 0 0 0.0218693364671056 0.00597178907306652 0.00319767213725666 0 0 0 0 0 0 0.026640405260656 0.00935675593050129 0.932964041131414
5 37864903.5 0.0692170070577883 0 0 0.107300711210835 0 0.0412743231192145 0 0 0 0.255109342359365 0.0448535103102753 0.434196659445104 0.0480484464974177 0
15 43599164.5 0 0 0 0 0 0 0 0 0 0 0 0 0 0
16 11824368.5 0 0.00653698988498757 0 0 0 0 0 0 0 0 0.985130385059996 0 0.00833262505501627 0
21 25410304.625 0 0 0.141047857683691 0 0 0 0 0 0 0.125122172601016 0 0 0.733829969715293 0
